Problem A1

     0.249      0.111      0.467 
     0.772      0.658      0.433 
     0.354      0.944      0.101 
     0.642     0.0286      0.248 

      1.09      0.812       0.59 
         0      0.823    -0.0488 
         0          0      0.356 

         1          0          0 
         0          1   8.33e-17 
         0   8.33e-17          1 

     0.249      0.111      0.467 
     0.772      0.658      0.433 
     0.354      0.944      0.101 
     0.642     0.0286      0.248 
Problem A2

         3          4          5 
         6          7         18 
         9         10         11 
        12         13         15 
A*x=Q*R*x
         1          2          3          4 
Starting vector
         1          2          3          4 
Problem B
A=

         1          2          3 
         4          5          6 
         7          8         10 
Inverse of A=

    -0.667      -1.33          1 
    -0.667       3.67         -2 
         1         -2          1 
A*A^-1=

         1          0   1.78e-15 
         0          1  -8.88e-16 
         0          0          1 
Problem C
System.String[]
System.String[]

     0.249      0.111      0.467 
     0.772      0.658      0.433 
     0.354      0.944      0.101 
