Problem A1

         3          4          5 
         6          7         18 
         9         10         11 
        12         13         15 

      16.4       18.3       24.5 
         0      0.816       5.31 
         0          0       8.26 

         1      1e-14  -5.62e-15 
     1e-14          1  -1.53e-16 
 -5.62e-15  -1.53e-16          1 

         3          4          5 
         6          7         18 
         9         10         11 
        12         13         15 
Problem A2

         3          4          5 
         6          7         18 
         9         10         11 
        12         13         15 
A*x=Q*R*x
         1          2          3          4 
Starting vector
         1          2          3          4 
Problem B
A=

         1          2          3 
         4          5          6 
         7          8         10 
Inverse of A=

    -0.667      -1.33          1 
    -0.667       3.67         -2 
         1         -2          1 
A*A^-1=

         1          0   1.78e-15 
         0          1  -8.88e-16 
         0          0          1 
Problem C
