0.1	0.0040889919358975	0.00408307884888727
0.2	0.0132851375654414	0.0132634381998633
0.3	0.0241301954086771	0.0240858523999144
0.4	0.0343913099160854	0.0343203863570247
0.5	0.0427454797829525	0.0426466870110445
0.6	0.0485308630270977	0.0484051863034931
0.7	0.0515525154773875	0.0514027862587083
0.8	0.051932231517874	0.0517626966663039
0.9	0.049993962073495	0.0498098654389702
1	0.0461777303757632	0.0459849301464303
1.1	0.0409762353060783	0.0407808686415609
1.2	0.0348893783863351	0.0346975732122857
1.3	0.0283928082359534	0.0282104472264332
1.4	0.0219173168573493	0.0217498522196497
1.5	0.0158365264867708	0.0156888393854365
1.6	0.0104607977940863	0.0103371017213264
1.7	0.00603571766837013	0.00593949807576453
1.8	0.00274385562481997	0.0026778419891897
1.9	0.000708764017967879	0.000674928394242139
2	4.22103881702139E-07	0
2.1	0.000641512907283245	0.000675041060744564
2.2	0.00261406895831641	0.00268143643236848
2.3	0.00586614577320429	0.00596665443705337
2.4	0.0103182770000611	0.0104507082189403
2.5	0.0158695416452705	0.0160322262937302
2.6	0.0224031330967736	0.0225940224928004
2.7	0.0297913650677623	0.0300081015072075
2.8	0.0379000867218815	0.0381400712785367
2.9	0.0465925026890951	0.0468529596682815
3	0.0557324153239382	0.0560104519138469
3.1	0.065186916858396	0.0654795787940662
3.2	0.0748285743960765	0.0751328943729246
3.3	0.08453714473301	0.0848501876461451
3.4	0.0942008749498017	0.0945197751816355
3.5	0.103717427885775	0.104039422572207
3.6	0.11299448521113	0.113316941733412
3.7	0.121950071345072	0.122270509203144
3.8	0.130512639145507	0.130828747969228
3.9	0.138620960296587	0.138930612232171
4	0.146223852114518	0.146525111109873
4.1	0.15327977672645	0.153570903768863
4.2	0.159756339261611	0.160035794943502
4.3	0.165629712867898	0.165896156369662
4.4	0.170884010431741	0.171136296376852
4.5	0.175510623676691	0.175747796796411
4.6	0.179507545233663	0.179728833481197
4.7	0.182878688362494	0.18308349410955
4.8	0.185633213044255	0.185821104569233
4.9	0.187784873215092	0.187955573083954
5	0.189351384617983	0.189504759349279
5.1	0.190353825643202	0.190489874275585
5.2	0.190816071972301	0.190934914479835
5.3	0.190764269463887	0.190866134410403
5.4	0.190226344081745	0.190311557914116
5.5	0.189231554113637	0.18930053014573
5.6	0.187810084013987	0.187863309961226
5.7	0.185992672723387	0.186030702311785
5.8	0.183810289066841	0.183833729650169
5.9	0.18129383625968	0.181303340961198
6	0.178473898825586	0.178470156719978
6.1	0.17538051893713	0.175364247853143
6.2	0.172043009210074	0.172014946618554
6.3	0.168489790288083	0.168450687217391
6.4	0.164748259945455	0.164698873900274
6.5	0.160844685014344	0.160785774317734
6.6	0.156804116934245	0.156736435887726
6.7	0.152650329538286	0.152574623002533
6.8	0.148405773000104	0.14832277296867
6.9	0.144091547020986	0.144001968661345
7	0.139727387283559	0.139631925975535
7.1	0.135331666225405	0.135230994264939
7.2	0.130921403000748	0.130816168075115
7.3	0.126512285584936	0.126403108595243
7.4	0.122118698621755	0.122006173372015
7.5	0.1177537619063	0.117638452947459
7.6	0.11342937112845	0.113311813198476
7.7	0.109156244986974	0.109036942268426
7.8	0.104943974281577	0.104823401089353
7.9	0.10080107659785	0.100679676596675
8	0.096735049866352	0.0966132368359234
8.1	0.0927524292292337	0.0926305872530599
8.2	0.0888588437011784	0.0887373275458734
8.3	0.0850590727299045	0.0849382085338297
8.4	0.0813571020987535	0.0812371885775848
8.5	0.0777561801307402	0.0776374891472568
8.6	0.0742588713465338	0.0741416492006169
8.7	0.0708671097935285	0.0707515780888408
8.8	0.067582250321342	0.0674686067585756
8.9	0.0644051172301358	0.0642935370650921
9	0.0613360517908888	0.0612266890525039
9.1	0.0583749574715774	0.0582679460937197
9.2	0.0555213428943091	0.0554167978152654
9.3	0.0527743623539908	0.0526723807606701
9.4	0.0501328547611252	0.0500335167710376
9.5	0.0475953788761709	0.047498749083035
9.6	0.0451602475284746	0.045066376163079
9.7	0.0428255596042866	0.0427344833122842
9.8	0.0405892290249965	0.040500972089991
9.9	0.0384490123251176	0.0383635876146762
10	0.0364025339241327	0.0363199438099879
10.1	0.0344473091534049	0.0343675466707556
10.2	0.0325807660122634	0.0325038156293104
10.3	0.0308002650867758	0.030726103106493
10.4	0.0291031162954605	0.0290317123345064
10.5	0.0274865962814855	0.0274179135404369
10.6	0.025947962295989	0.025881958579976
10.7	0.0244844659222948	0.0244210941107545
10.8	0.0230933646715882	0.0230325733938696
10.9	0.0217719328056229	0.0217136668107593
11	0.0205174700040237	0.0204616711806497
11.1	0.0193273104559158	0.0192739179614612
11.2	0.0181988295359378	0.018147780414388
11.3	0.0171294501463773	0.0170806798094312
11.4	0.0161166483796219	0.0160700907460307
11.5	0.0151579574963504	0.0151135456596633
11.6	0.0142509721636733	0.0142086385818948
11.7	0.0133933513266145	0.0133530282179442
11.8	0.0125828210346839	0.0125444404023641
11.9	0.0118171757950737	0.0117806699900003
12	0.0110942805189171	0.0110595822359908
12.1	0.0104120710431002	0.0103791137152196
12.2	0.00976855504935046	0.00973727282837488
12.3	0.00916181198567016	0.00913213993858615
12.4	0.00858999275216275	0.00856186717954774
12.5	0.00805131963398799	0.00802467797307956
12.6	0.00754408527372302	0.00751886629124284
12.7	0.00706665184496195	0.00704279569542055
12.8	0.00661744980921455	0.00659489818219354
12.9	0.00619497692191616	0.00617367286339629
13	0.00579779614488115	0.00577768450541944
13.1	0.00542453477366305	0.00540556195064127
13.2	0.00507388234923113	0.0050559964418134
13.3	0.00474458918127569	0.00472773986829634
13.4	0.00443546426863239	0.0044196029512333
13.5	0.00414537371472	0.00413045338306441
13.6	0.00387323854633925	0.0038592139352115
13.7	0.00361803304778184	0.00360486054630403
13.8	0.00337878279872844	0.00336642040196292
13.9	0.00315456265581706	0.00314297001590772
14	0.00294449499887871	0.00293363332099739
14.1	0.00274774769638884	0.0027375797777524
14.2	0.0025635323479677	0.00255402250692996
14.3	0.00239110229572835	0.00238221645183041
14.4	0.0022297511249063	0.00222145657519636
14.5	0.00207881059733057	0.00207107609482223
14.6	0.00193764907958972	0.0019304447613158
14.7	0.00180566985298832	0.00179896718084081
14.8	0.00168230940853379	0.0016760811851163
14.9	0.0015670359753003	0.00156125625044992
15	0.00145934791256339	0.00145399196713524
15.1	0.00135877228319556	0.00135381656014286
15.2	0.00126486334020811	0.00126028546167908
15.3	0.00117720129049524	0.00117297993586954
15.4	0.00109539079227694	0.00109150575554634
15.5	0.00101905986547629	0.00101549193087228
15.6	0.000947858569722126	0.000944589489321808
15.7	0.000881457841379613	0.000878470306353181
15.8	0.000819548383900101	0.000816825985946547
15.9	0.000761839628042183	0.000759366790047283
16	0.000708058630166797	0.000705820615839193
16.1	0.000657949159553079	0.000655932019677259
16.2	0.000611270762929589	0.000609461286432082
16.3	0.000567797838695497	0.000566183542936234
16.4	0.00052731882864758	0.000525887914175048
16.5	0.000489635423055043	0.000488376720829134
16.6	0.000454561746800297	0.000453464716751986
16.7	0.000421923673245754	0.000420978364952025
16.8	0.000391558140078277	0.000390755150643105
16.9	0.000363312459963538	0.000362642929930067
17	0.000337043722664994	0.000336499312705007
17.1	0.000312618259795287	0.000312191078345023
17.2	0.00028991098196457	0.000289593622822254
17.3	0.000268804985671347	0.000268590435861359
17.4	0.000249190911730164	0.000249072606807649
17.5	0.000230966619603988	0.000230938357900055
17.6	0.000214036647058087	0.00021409260367672
17.7	0.000198311858079224	0.000198446535276505
17.8	0.000183708976225004	0.000183917228436867
17.9	0.000170150298067898	0.000170427274026858
18	0.000157563291735373	0.000157904429993181
18.1	0.000145880258936757	0.000146281293636945
18.2	0.00013503808858234	0.000135494993178734
18.3	0.000124977894458075	0.000125486897609617
18.4	0.000115644782595254	0.00011620234386558
18.5	0.000106987581683898	0.000107590380402359
18.6	9.89586114294879E-05	9.96035262865979E-05
18.7	9.15134373874141E-05	9.21975449576759E-05
18.8	8.46106819341097E-05	8.53312318520714E-05
18.9	7.82117946489618E-05	7.89662151189525E-05
19	7.22808963590149E-05	7.30667686914782E-05
19.1	6.67845843284356E-05	6.75996370131696E-05
19.2	6.16917614056881E-05	6.25338707525314E-05
19.3	5.69734968927975E-05	5.78406728718501E-05
19.4	5.26028756897993E-05	5.34932544477599E-05
19.5	4.85548728051755E-05	4.94666996717086E-05
19.6	4.48062026122967E-05	4.57378394878659E-05
19.7	4.13352339362276E-05	4.22851333543177E-05
19.8	3.81218404416735E-05	3.90885586405457E-05
19.9	3.51473345015239E-05	3.61295072002483E-05
20	3.2394337090932E-05	3.33906886835046E-05
20.1	2.98467155524753E-05	3.08560401761467E-05
20.2	2.74894745007049E-05	2.85106417770074E-05
20.3	2.53086932575806E-05	2.63406377454666E-05
20.4	2.32914479964168E-05	2.43331628724669E-05
20.5	2.14257379902794E-05	2.24762737479241E-05
20.6	1.97004283846004E-05	2.07588846162594E-05
20.7	1.81051789675656E-05	1.91707075296515E-05
20.8	1.66304070581195E-05	1.77021965255812E-05
20.9	1.52672166709153E-05	1.63444955713521E-05
21	1.40073598089906E-05	1.508939003355E-05
21.1	1.28431868710178E-05	1.39292614448771E-05
21.2	1.17676056310095E-05	1.28570453545069E-05
21.3	1.07740439443469E-05	1.18661920610756E-05
21.4	9.85641206219272E-06	1.09506300396912E-05
21.5	9.00906774269989E-06	1.01047318859296E-05
21.6	8.22677817646123E-06	9.32328261073275E-06
21.7	7.50470428410703E-06	8.60145013045553E-06
21.8	6.83836373386238E-06	7.93475780604896E-06
21.9	6.22360642370447E-06	7.319058894555E-06
22	5.65659581920917E-06	6.7505127847428E-06
22.1	5.13377808581614E-06	6.22556289686534E-06
22.2	4.65186685742081E-06	5.74091613418844E-06
22.3	4.20782614079854E-06	5.29352378115918E-06
22.4	3.79885066080978E-06	4.88056374986794E-06
22.5	3.42234742275418E-06	4.49942408283591E-06
22.6	3.0759241756652E-06	4.14768762615098E-06
22.7	2.75737135501025E-06	3.82311779260224E-06
22.8	2.46465202618527E-06	3.52364533974349E-06
22.9	2.19589130106056E-06	3.24735609277128E-06
23	1.94936180268973E-06	2.99247954675013E-06
23.1	1.72347351915994E-06	2.75737828707315E-06
23.2	1.51676554535202E-06	2.54053817112968E-06
23.3	1.32789813043976E-06	2.3405592179749E-06
23.4	1.15564282040602E-06	2.15614715637824E-06
23.5	9.98879179823941E-07	1.98610558497922E-06
23.6	8.56581446065801E-07	1.82932870141658E-06
23.7	7.27818100575143E-07	1.68479456023076E-06
23.8	6.1174220236348E-07	1.5515588220843E-06
23.9	5.0758958009664E-07	1.42874895940945E-06
24	4.14672589955818E-07	1.31555888599038E-06
24.1	3.32376127193984E-07	1.21124398022629E-06
24.2	2.60154117414039E-07	1.11511647391439E-06
24.3	1.97524869351583E-07	1.0265411803442E-06
24.4	1.44071270332296E-07	9.44931537318097E-07
24.5	9.94354544385813E-08	8.69745942414048E-07
24.6	6.33181772669987E-08	8.00484359393766E-07
24.7	3.54765577969874E-08	7.3668517613942E-07
24.8	1.57230304211039E-08	6.77922295882326E-07
24.9	3.92411580112685E-09	6.23802444773419E-07
