0.8	0.306014928891307
0.455074870826763
0.507249476781749
0.50215573293633
0.465476507586952
0.413483211793755
1.6	0.153007464445653
0.227537435413382
0.253624738390874
0.251077866468165
0.232738253793476
0.206741605896877
2.4	0.102004976297102
0.151691623608921
0.16908315892725
0.16738524431211
0.155158835862317
0.137827737264585
3.2	0.0765037322228267
0.113768717706691
0.126812369195437
0.125538933234082
0.116369126896738
0.103370802948439
4	0.0612029857782614
0.0910149741653527
0.10144989535635
0.100431146587266
0.0930953015173903
0.082696642358751
