0	0	0	-0.93240737	-0.86473146	-0.97000436	0.24308753	0.466203685	0.43236573	0.97000436	-0.24308753	0.466203685	0.43236573
0.01	-0.0093240737	-0.0086473146	-0.932570512954397	-0.864525805062993	-0.965281697878015	0.247395994329504	0.478409867164306	0.429223132923677	0.974605771578015	-0.238748679729504	0.454160645790091	0.435302672139317
0.0234911592806616	-0.0219084993176244	-0.0203070258969016	-0.933306693591147	-0.863596033899079	-0.958715567496706	0.253157140781154	0.49513413317655	0.424639845216105	0.98062406681433	-0.232850114884253	0.438172560414598	0.438956188682975
0.0397549236999665	-0.0370976929380625	-0.0343395526994125	-0.93497722008627	-0.861475779006412	-0.950497425460045	0.260016427655446	0.515683212807616	0.418555642957674	0.987595118398107	-0.225676874956033	0.419294007278654	0.442920136048738
0.0580171630862146	-0.054193955313445	-0.0500446591668929	-0.937859372318505	-0.857783265092857	-0.940867035905599	0.267594497642773	0.539252276285881	0.41093938377697	0.995060991219043	-0.21754983847588	0.398607096032625	0.446843881315888
0.0776134157121195	-0.0726083087868388	-0.066807810665529	-0.942108174046372	-0.852258555236399	-0.930049187208696	0.275562655253507	0.56510543403086	0.40176660018726	1.00265749599553	-0.208754844587978	0.377002740015512	0.450491955049139
0.0980281876784154	-0.0918926417133016	-0.0841390073408905	-0.94776133329524	-0.844752473767371	-0.918234744017372	0.283661218672328	0.592624958278576	0.391014855802166	1.01012738573067	-0.199522211331437	0.355136375016664	0.453737617965204
0.118880531718183	-0.111722352772504	-0.101664455487236	-0.954762011110255	-0.835199835258971	-0.905580980659887	0.291693363469702	0.621304315170981	0.378665934176307	1.01730333343239	-0.190028907982465	0.333457695939274	0.456533901082664
0.139896655119156	-0.131868174818689	-0.11910564133133	-0.962984784315832	-0.82359344021088	-0.892216963758284	0.299512883600818	0.650727335090668	0.364708824469977	1.02408513857697	-0.180407242269488	0.312257449225164	0.458884615740903
0.160885110298001	-0.152171707297373	-0.136259294720866	-0.972259238501985	-0.809963177524501	-0.878248341547959	0.307012841805862	0.680549716927257	0.349140911758999	1.03042004884533	-0.170753547084996	0.291709521574728	0.460822265765502
0.181717928232686	-0.172527574621558	-0.152981380701613	-0.98238963911826	-0.794359830081011	-0.863760260450243	0.314116569932055	0.710486121663039	0.331966727291123	1.0362878350718	-0.161135189230442	0.271903517455222	0.462393102789888
0.202316862279404	-0.192871145263217	-0.169174650940125	-0.993170323024689	-0.776842343586639	-0.848818777878877	0.320770635705153	0.740301503655557	0.313194620223113	1.04168992314209	-0.151595984765029	0.252868819369132	0.463647723363526
0.222643203121983	-0.213170077301161	-0.18477865926668	-1.00439678128825	-0.757467652615308	-0.833471464903393	0.326939123652438	0.769804584814802	0.292832107508523	1.04664154220455	-0.142160464385758	0.234592196473446	0.464635545106786
0.242690021454666	-0.233418356624356	-0.199761453643583	-1.01587263956921	-0.736282512308859	-0.817747703146483	0.332598774397981	0.798841983572333	0.270880646615261	1.05116605977084	-0.132837320754398	0.217030655996873	0.465401865693598
0.262476220608141	-0.253632047615842	-0.214112552442515	-1.02741298579608	-0.713316902990104	-0.80165887663415	0.337734741876837	0.827292306707308	0.24733032767398	1.05529092424999	-0.123622189434321	0.200120679088773	0.465986575316124
0.282042153574117	-0.2738464021456	-0.227837052061317	-1.0388446538895	-0.688578516692603	-0.785198402869186	0.342336841833362	0.855060074273057	0.222154639516511	1.05904480501478	-0.114499789772046	0.183784579616445	0.466423877176092
0.301446772523616	-0.294114248019627	-0.240950796894671	-1.05000407987497	-0.662047694861523	-0.768341370594524	0.34639618326918	0.88206960900827	0.195305115843465	1.06245561861415	-0.105445386374509	0.167934470866698	0.466742579018059
0.320766412081141	-0.314505764652362	-0.253476538475013	-1.06073319797336	-0.633672003817349	-0.751043422798953	0.349902031237561	0.908259053536589	0.166705333467886	1.06554918745131	-0.0964254927625481	0.152474144436773	0.466966670349463
0.340095448812162	-0.335109933503117	-0.265440977651405	-1.07087356030481	-0.603359374103123	-0.733238380194586	0.352838665514265	0.933574575379864	0.136243365396357	1.0683483136977	-0.0873976878628604	0.137298984924941	0.467116008706766
0.359549320024664	-0.356038217494032	-0.276872555431629	-1.08025844201118	-0.570968275681035	-0.714833854464072	0.355181868245389	0.957964644308982	0.103761261513174	1.0708720719581	-0.0783093128137607	0.122293797702202	0.467207014167862
0.379270855238844	-0.377431516131105	-0.287799846460208	-1.088702054868	-0.536292507834811	-0.695703607080426	0.356894447566411	0.9813740306917	0.069039185234353	1.07313512321153	-0.0690946011062033	0.107328024176298	0.467253322600458
0.399441837895288	-0.399472441056033	-0.298250414690373	-1.09598389198044	-0.499036311593652	-0.675674369143935	0.357919761926277	1.00373682163358	0.0317699291074496	1.07514681019997	-0.0596693472359039	0.0922470703468639	0.467266382486203
0.420303826851555	-0.422407144024542	-0.308250013817652	-1.10182401519202	-0.458771336377711	-0.654502517733943	0.358171247134467	1.02496710872436	-0.00848466874985675	1.07690966175848	-0.0499212333168146	0.0768569064676605	0.467256005127567
0.441223604131359	-0.445508413990357	-0.317416394835065	-1.10571066443854	-0.416840910520194	-0.632848607584497	0.357562923936214	1.04410923255541	-0.0503913409453665	1.07835702157485	-0.0401465291011492	0.0616014318831314	0.467232251465561
0.461688401647779	-0.468164812581181	-0.32552012776331	-1.1073932130978	-0.374560639924234	-0.611300907395821	0.356105109452085	1.06057717636552	-0.0926441325854057	1.079465719977	-0.0305849816887753	0.0468160367322753	0.46720477250964
0.481502756712221	-0.490112569694615	-0.332530970652584	-1.10685930777821	-0.3326896118859	-0.59013947805274	0.353858847482959	1.0742593800037	-0.134490786615802	1.08025204774735	-0.0213278768303748	0.032599927774513	0.467180398501703
0.500661241748198	-0.511303080713696	-0.338513428287022	-1.10420079154379	-0.291582179842259	-0.569442196992698	0.350891034342334	1.08528153036167	-0.175580847472775	1.08074527770639	-0.0123776060553117	0.0189192611821176	0.467163027315035
0.519256370611302	-0.531802057233723	-0.34356238080304	-1.0995296557672	-0.251341149983476	-0.549171755391166	0.347253149124365	1.09385330636298	-0.215813255929502	1.08097381262489	-0.00369076832132429	0.00567634940422176	0.467154405912978
0.537424015941996	-0.551727164250588	-0.347770643742252	-1.09293647288056	-0.21193087046843	-0.529232306553399	0.342974352258039	1.10018841567472	-0.255224014160077	1.08095947080399	0.00479629148421353	-0.00725194279416123	0.467154884628507
0.555315702453327	-0.57121465792298	-0.351215411033732	-1.08447394928026	-0.173248094071909	-0.509501124870352	0.338060887483295	1.10447022212473	-0.29391580237424	1.08071578279333	0.0131545235504376	-0.0199962728444735	0.467163896446149
0.573051407073985	-0.590365610585314	-0.353949151077227	-1.07417476397168	-0.13523779043339	-0.489883359543557	0.332509033620379	1.10683786969231	-0.331942342619917	1.08024897012887	0.0214401174568483	-0.0326631057206356	0.467180133053306
0.590751510352537	-0.609279349105144	-0.356009140499581	-1.06204370079071	-0.0978350032793274	-0.47027937668993	0.326299717934747	1.10740268891024	-0.369366554715337	1.07955872579507	0.0297094225648338	-0.0453589881195285	0.467201557994664
0.608550609090419	-0.628066095310271	-0.357418641571151	-1.0480464962103	-0.0609466597563915	-0.450571338780195	0.3193932480131	1.10624849309262	-0.406278662996285	1.07863743409046	0.0380253935580515	-0.0582019968823201	0.467225322752677
0.626595819956057	-0.646842274878428	-0.358184779925229	-1.03210702905173	-0.0244681354653185	-0.430626980696356	0.31172799437398	1.1034294207427	-0.442779369243463	1.07746925557478	0.0464567855512501	-0.0713223916909675	0.467247504708782
0.64505043777423	-0.665731017694533	-0.358296896043559	-1.01410258027615	0.0117099758224573	-0.410297635267086	0.303217056573015	1.09897009484421	-0.478972598953009	1.07602865296162	0.0550798394705444	-0.0848675145680641	0.467262623130551
0.664102264339775	-0.684866414789242	-0.357724033331199	-0.993854770776356	0.0477013208877867	-0.389411421971033	0.293741904104382	1.09286563016151	-0.514964146235949	1.07427783676027	0.0639821292268172	-0.0990108593851508	0.467262825348163
0.683977599314716	-0.704401488760889	-0.356410350695419	-0.971113245866401	0.0836278642345962	-0.367760891561201	0.283141333583366	1.08507999452571	-0.550864377568874	1.07216238032209	0.0732690171120534	-0.113966748659312	0.467236513334278
0.704435659157444	-0.724021094506334	-0.35433025177435	-0.946189100056665	0.118748204869339	-0.34565106611353	0.271502953340199	1.07579593912552	-0.585916523453133	1.06967216061986	0.0828272984341517	-0.129606839068855	0.467168318583794
0.724889035868011	-0.743111888852412	-0.351552235692437	-0.919958153063063	0.151875336734773	-0.323748052956838	0.259170741624854	1.06548304462284	-0.618918262758554	1.06685994180925	0.0923814940675829	-0.145524891559774	0.467042926023781
0.745070663370151	-0.761411156649075	-0.348167298679512	-0.893011441944496	0.182553282287675	-0.302351828863272	0.246361722868906	1.05455055131011	-0.649398855184194	1.06376298551234	0.101805575810606	-0.161539109365613	0.466845572896518
0.76490960752333	-0.778860320311422	-0.344256226894328	-0.865700273277595	0.210735248809733	-0.281540129268829	0.233191285128395	1.04330979679513	-0.67729639859052	1.06040044958025	0.111064941765933	-0.177609523517536	0.466561149780787
0.784437649647916	-0.795499952235323	-0.339879452230201	-0.838211737255073	0.236560970391623	-0.261275998423629	0.219706729424574	1.03198619972026	-0.702734019390633	1.05677595065895	0.120172722805627	-0.193774462465191	0.466173048999009
0.803732303949809	-0.811408611440392	-0.335077825235981	-0.810634174142089	0.26023231201834	-0.241472696348059	0.205914749987435	1.02074516754043	-0.725894406721625	1.05288130778845	0.129163075248547	-0.210110993398345	0.465662094703285
0.822886059139569	-0.82667162550303	-0.329876881097954	-0.783002733561562	0.28195353488017	-0.22202812994649	0.191800178243972	1.00971580351403	-0.746959135796523	1.04869975544952	0.138076702853982	-0.226713069952473	0.465005600916354
0.841991259482089	-0.841366978854246	-0.324291332770585	-0.755327753560182	0.301907114615162	-0.202841260044248	0.177337665929931	0.999008217850463	-0.766083612248381	1.04420823889849	0.146953666840653	-0.243680464290281	0.464176497633219
0.861133356350864	-0.855559979760189	-0.31832878113267	-0.727611350963169	0.320246990249166	-0.183818945536913	0.162498694626837	0.988724920504621	-0.783389447228876	1.0393789252971	0.155830086505834	-0.261113569541453	0.463142456979711
0.880388246157661	-0.869302041145253	-0.311992559765826	-0.699856783914725	0.337099496023621	-0.1648781500437	0.147255833967778	0.97896785485684	-0.798964472749228	1.03418019118895	0.164736725798049	-0.279111070942115	0.461864976725607
0.89982135709671	-0.88263117625679	-0.305283919481558	-0.672073686269755	0.352567191774949	-0.145946158206396	0.131585548168665	0.969842444433065	-0.812865603406447	1.02857733446318	0.173698371312893	-0.29776875816331	0.460298411631498
0.919487270790228	-0.895573063119474	-0.298203793334784	-0.644281064452812	0.366733432301744	-0.126960153229122	0.115470358631282	0.961459557092351	-0.825122411705984	1.02253321634859	0.182733434703502	-0.31717849263954	0.45838897940424
0.939429282458807	-0.908142187884416	-0.290754336511848	-0.616509114895886	0.379666810049003	-0.107866812942469	0.09890083097811	0.953935865217708	-0.835740619594564	1.01600900082688	0.191853505533738	-0.337426750321822	0.456073809545562
0.95967864588678	-0.920342912993476	-0.282940368692656	-0.58880038013751	0.391425202589628	-0.0886222157610655	0.0818776211584236	0.947392768570447	-0.844705354893712	1.00896512875454	0.201062747534232	-0.358592388432937	0.453280152304084
0.980253458841697	-0.932170487900151	-0.274770775687293	-0.561210411113042	0.402059402878156	-0.0691921458366939	0.0644136372924438	0.941953851907452	-0.851984322726251	1.00136263373684	0.210357138394849	-0.38074344079441	0.449924919848095
1.00115730002368	-0.943612107667784	-0.26625985357438	-0.533807870044608	0.411616381832396	-0.0495527561911914	0.0465362164617515	0.937740771668082	-0.857531166235065	0.993164863858974	0.219723637112629	-0.403932901623475	0.445914784402669
1.02237786714904	-0.954648162777621	-0.257428502297336	-0.506673858114042	0.420142215687636	-0.0296914422400632	0.0282890634761958	0.934867516258541	-0.861289306232367	0.984339605017682	0.229139438821141	-0.4281936581445	0.441147090544731
1.0438859913633	-0.965253820768071	-0.248305103228887	-0.479900182923323	0.427684649213559	-0.00960767940331986	0.00973356048176829	0.933433177801466	-0.863196472394265	0.974861500171389	0.238571542747119	-0.453532994878143	0.435511823180706
1.06563549033052	-0.975401033235041	-0.238925863502744	-0.453586312810511	0.434295190181944	0.010686503678933	-0.00905103307377823	0.933513705229271	-0.863189966877378	0.964714529556106	0.247976896576523	-0.47992739241876	0.428894776695434
1.08756432367701	-0.985060966761327	-0.229334404911093	-0.427834921285546	0.440030569808054	0.0311667809609068	-0.0279689567444004	0.935153524043873	-0.861212442934238	0.953894185800419	0.257303361655494	-0.507318602758328	0.421181873126185
1.1095973811715	-0.994206723399169	-0.219580442339994	-0.402746202203977	0.444953389675203	0.051797830358791	-0.046911199990108	0.938358280130662	-0.857217680612673	0.942408893040377	0.266491642330102	-0.535612077926686	0.41226429093747
1.13165095030923	-1.00281607778168	-0.209717543526882	-0.378411478648195	0.449131832399934	0.0725358405004837	-0.0657605932195928	0.943090113280564	-0.85117558949922	0.930280237281196	0.275478136746475	-0.564678634632369	0.402043757099286
1.15363852619815	-1.01087386499496	-0.199800160950217	-0.354906922608263	0.452638442538175	0.0933321333925816	-0.0843982728544004	0.949266631219265	-0.843075579326926	0.91754173160238	0.284198433804617	-0.594359708611003	0.390437136788752
1.17547726260413	-1.01837365492266	-0.189880314439682	-0.332288316428988	0.455548153249238	0.114137539419024	-0.102710663979474	0.95676410591058	-0.832927595857546	0.904236115503636	0.292590978419156	-0.624475789481593	0.377379442608308
1.19709416221168	-1.02531846176907	-0.180004404514781	-0.310587640309873	0.457935883321618	0.134906960978554	-0.120595934079058	0.965424513767829	-0.820760511770543	0.890411500790513	0.300600338593838	-0.654836873457957	0.362824628448925
1.21843115729893	-1.031720429719	-0.170210604880953	-0.289811891406447	0.459874099587243	0.155603516248098	-0.137968972435023	0.975065199587316	-0.806618069716737	0.876116913470905	0.308179577315976	-0.685253308180869	0.346743970129494
1.23944852191971	-1.0375996384163	-0.160527128088675	-0.269944061819709	0.461430705785861	0.176201783037112	-0.154764307495008	0.985489461888703	-0.790553016648071	0.861397855379187	0.315291435583683	-0.715545400068994	0.32912231086221
1.26012646793907	-1.04298231563555	-0.150971442227981	-0.250945791667417	0.462667500645684	0.196689910326955	-0.170936847155998	0.996496369284582	-0.772620295556325	0.846292405308597	0.321908289383979	-0.745550577617166	0.309952794910641
1.2804651632097	-1.04789879290823	-0.141550315374146	-0.232760985185415	0.463639296068846	0.217070639222895	-0.186460745726737	1.00788853936808	-0.752870123276697	0.830828153685337	0.328011061100883	-0.775127554182663	0.289230827207852
1.30048366651931	-1.0523814999256	-0.132260432202896	-0.2153196539343	0.464393652858458	0.237361494153801	-0.201326953125594	1.01947721873049	-0.731341535475924	0.815020005771795	0.333587385328489	-0.804157564796193	0.266947882617466
1.3202183733022	-1.05646320080074	-0.123089277351388	-0.198541374478587	0.464971107117138	0.257594531575046	-0.215540062929124	1.03108456228861	-0.708056629907751	0.798868669225692	0.338629340280512	-0.832543187810021	0.243085522790614
1.33972154604279	-1.06017557009009	-0.114015992796126	-0.182337929524756	0.465405729739494	0.277816076481704	-0.229114992448371	1.04254337576142	-0.683015383949978	0.782359493608389	0.343130985244498	-0.860205446236664	0.217609654210485
1.35906043197847	-1.06354811703274	-0.105011956478138	-0.166614862712915	0.465725871129031	0.298086876465482	-0.242073872824651	1.05369471573044	-0.656190609365521	0.765461240567253	0.34708582930279	-0.887079853017521	0.190464738236491
1.37831741827619	-1.06660740373934	-0.0960408610174328	-0.151271766431819	0.46595497472729	0.31848311086098	-0.254443363303233	1.0643836640771	-0.627522321685667	0.748124292878358	0.350484224320665	-0.91311189764528	0.161567346958378
1.39759170496818	-1.06937646411472	-0.0870580632514726	-0.136201107863377	0.466112380521153	0.339098766450513	-0.266252468949545	1.07445334777159	-0.596910469266042	0.730277697664201	0.353310532201018	-0.938252239908212	0.130798088744889
1.41700316076126	-1.07187430360767	-0.0780088932608974	-0.121285247128992	0.466214074012622	0.36005010686108	-0.277530848221134	1.08373686410105	-0.564204441630454	0.711824196746588	0.355539741482031	-0.962451616972059	0.0979903676178331
1.43669949146128	-1.07411532781691	-0.0688253972662613	-0.106390937537622	0.466273363678614	0.3814834552345	-0.288307543374743	1.0920461093021	-0.529186777447714	0.692631872582413	0.357132940641005	-0.985655171764483	0.0629134137691008
1.4568688796468	-1.07610848247457	-0.0594205099823688	-0.0913598253989302	0.466301491485931	0.403588580791965	-0.29861004394833	1.09915532127573	-0.491546410662574	0.672519901682608	0.358030553930699	-1.0077954958768	0.0252449191766438
1.47776258265211	-1.07785573041465	-0.0496775661283846	-0.0759917583600924	0.466308200724063	0.42662239993732	-0.308463595750604	1.1047746980298	-0.450832116309922	0.651233330477333	0.358141161878989	-1.0287829396697	-0.0154760844141403
1.49858898160473	-1.07927977184921	-0.0399660469578198	-0.0608443897091621	0.466302861746671	0.449679114121622	-0.317421687036259	1.10836798781016	-0.408725285507998	0.629600657727588	0.357387733994079	-1.047523598101	-0.0575775762386723
1.51889897686257	-1.08036621750615	-0.0304955136935942	-0.0462043331530856	0.466294367875477	0.472214962524516	-0.325299053894965	1.1097356636118	-0.366444144062158	0.608151254981629	0.355794567588559	-1.06353133045871	-0.0998502238133181
1.53853858318601	-1.08113512519397	-0.0213377464197367	-0.0321410375533407	0.466288922853061	0.494012120637548	-0.332089386083227	1.10889284921747	-0.324669062553377	0.587123004556421	0.353427132502964	-1.07675181166413	-0.141619860299683
1.55752541427778	-1.08161662056442	-0.0124844185601549	-0.0186052975781816	0.466290060971932	0.515048565287007	-0.337867097601583	1.10594163066288	-0.283701527726728	0.566568055277409	0.350351516161738	-1.0873363330847	-0.182588533245203
1.57596305310627	-1.08183865000506	-0.00388708311800025	-0.00549281287534488	0.466299384287884	0.535403431868585	-0.342729234402406	1.10099467676393	-0.243613055926352	0.546435218136471	0.346616317520406	-1.09550186388858	-0.222686328361531
1.59399173640068	-1.08182214836569	0.00451980274500602	0.0073215675822431	0.466317234059088	0.555200128488485	-0.346767183699933	1.09413894447538	-0.204351359576955	0.526622019877201	0.342247380954928	-1.10146051205762	-0.261965874482133
1.6117640602925	-1.08157972452414	0.0128075377284838	0.0199684423428604	0.466343103903318	0.574576674514804	-0.350055357710981	1.08542202937276	-0.165805360735374	0.507003050009331	0.337247819982497	-1.10539047171562	-0.300537743167943
1.62939469223001	-1.08111692824926	0.0210297197344442	0.0325499312453953	0.466375731033994	0.593628651806219	-0.352642742704707	1.07487510651109	-0.127927975622046	0.487488276443038	0.331613022970263	-1.10742503775648	-0.338447755411947
1.64700612386614	-1.08043277650522	0.02924357427923	0.0451736938424001	0.466413144155048	0.612457756730622	-0.354564648231727	1.06249777181791	-0.0906475636536865	0.467975019774594	0.325321073952497	-1.10767146566031	-0.37576558050136
1.66473400562991	-1.07951897895088	0.0375124357316008	0.0579583387029533	0.466452566523393	0.631175120952397	-0.355841952812667	1.04825029789866	-0.0538682140603815	0.448343857998477	0.318329517081066	-1.10620863660161	-0.41258435246301
1.68272641273001	-1.07835900386738	0.0459053929817437	0.0710347639827266	0.466490134912836	0.649897643112012	-0.356479232496014	1.03205078864761	-0.0174843385361326	0.428461360755368	0.31057383951427	-1.10308555263033	-0.449005796376703
1.70114817263351	-1.07692653186073	0.0544992842575121	0.0845515595609932	0.46652039781644	0.668749133241657	-0.356463110566327	1.01377004320953	0.0186137621041158	0.408177398619069	0.301963826308816	-1.09832160277052	-0.485134159920555
1.7201898107738	-1.0751827741741	0.0633828257475922	0.0986845880030106	0.466535475990542	0.687865063334418	-0.355759571856054	0.99322177581781	0.0545401295102929	0.387317710839678	0.292376746108462	-1.09190636382082	-0.521075605500834
1.74008235091779	-1.07307186924692	0.0726634336925529	0.113652394857016	0.466523641114886	0.707401078461219	-0.354309022381198	0.970145115179663	0.0904178380816409	0.3656707907857	0.281645588688645	-1.08379751003668	-0.556941479196527
1.7604588368822	-1.07059861520177	0.0821692235824903	0.129230444685096	0.466469376479991	0.726920476804977	-0.352101330120503	0.945013894843778	0.125288468168745	0.343678138396793	0.269932106538013	-1.07424433952887	-0.591757844648736
1.78078276901061	-1.06781285299306	0.0916488864079853	0.145048122532433	0.466357308180956	0.745865218135297	-0.349211387104344	0.918667065209889	0.158079150128077	0.321947634857762	0.257562500696358	-1.06371518774232	-0.624436458309032
1.80081988773389	-1.06474876316085	0.100991880375729	0.160947036694182	0.466172807887377	0.764006825212457	-0.345729968722417	0.891660530628442	0.188402542544173	0.300741937948389	0.244738088346688	-1.05260756732262	-0.654575350431549
1.82051704490985	-1.06142305483827	0.11017194277298	0.176900236507088	0.465900941982058	0.781304241374502	-0.341735026649212	0.864319826955427	0.216245316688602	0.280118813463763	0.231563083876232	-1.04122006346252	-0.68214625867066
1.83991425477401	-1.05783766962611	0.119206017536044	0.192952297974821	0.465525265557593	0.7978053462602	-0.337283766726575	0.836815661692175	0.241759841030754	0.260032323365909	0.21807774919053	-1.029767959667	-0.707285106588347
1.8590920254221	-1.05398338151146	0.128129602139391	0.209182705831699	0.465026744375789	0.8135906532166	-0.332414269135902	0.809226894989149	0.265150154810764	0.24039272829486	0.204284666996512	-1.01840960082085	-0.730176899186552
1.87814328767622	-1.04984280829161	0.136983545017806	0.225685882301224	0.464382818736753	0.828744985361821	-0.327149920662885	0.781583581597305	0.286618199968835	0.221097822929788	0.190166375645079	-1.00726946389853	-0.751001018705588
1.89715976254104	-1.04539253528787	0.145807559129638	0.242561191928642	0.463566536245268	0.843344887451655	-0.321503823762529	0.753893509651037	0.306342651528949	0.202047647836215	0.175696264632891	-0.99645470157968	-0.769909187774217
1.91622597270075	-1.04060450188843	0.154637280902615	0.259908315538747	0.462545681693728	0.857454023302668	-0.315482366888317	0.726157618758948	0.324473530052156	0.183150478585757	0.160845085985703	-0.986065934297696	-0.787019211745884
1.93541694152902	-1.0354469036639	0.163503025775151	0.277825211515907	0.461281860706064	0.871122270357837	-0.309087943150487	0.69837867158844	0.341133666845317	0.16432463330606	0.145584917375337	-0.976203883104347	-0.802415527551381
1.95479743447054	-1.02988484582132	0.172429237089576	0.296407069898047	0.459729527524402	0.884386324155942	-0.302321039209971	0.670566103457583	0.356422681978117	0.145498521665379	0.129891802120396	-0.966973173355631	-0.816152209502518
1.97442163292959	-1.0238809432477	0.181434110500047	0.315745347214556	0.457834983379618	0.897270776916548	-0.295181933728481	0.642738817491565	0.370421538436128	0.126610166331147	0.113747823228434	-0.958484164706121	-0.828256521815746
1.99433269720183	-1.01739602765334	0.19052914473026	0.335926341359313	0.45553541305569	0.909789234750433	-0.287672194043411	0.614926906696966	0.383196912123579	0.107606792902907	0.0971430493131508	-0.95085324805628	-0.838732325179269
2.01456198958955	-1.01039009541124	0.199718523083587	0.357028973627806	0.452758076018432	0.921945344873459	-0.279796093417298	0.587172776292837	0.394805155924586	0.088444750537777	0.0800775703337115	-0.944201749920644	-0.847563231943018
2.03512792329136	-1.00282360217616	0.208998330186302	0.379121589137586	0.449419823589832	0.93373376171519	-0.271562002035964	0.559531808914299	0.405295854528166	0.0690898404609683	0.0625636718496627	-0.938653398051885	-0.854715678117998
2.05603455051218	-0.994659169787722	0.21835568882359	0.402257734866245	0.445427167049718	0.945141161822386	-0.26298373277967	0.532072493397928	0.414715025535581	0.0495180079653341	0.0446280439560803	-0.934330228264174	-0.860142192585299
2.07727013873759	-0.985863704532642	0.227767976419965	0.426471070519486	0.440677155514378	0.956147452998222	-0.254081747208185	0.504875792987969	0.423107999749598	0.0297162515344186	0.0263137707882207	-0.931346863507456	-0.863785155263975
2.09880611001075	-0.976410825571629	0.237202346983806	0.451769828085635	0.435059309024012	0.966727320108348	-0.244884054459463	0.478033460978064	0.430521949924172	0.00968350546327936	0.00768170747565746	-0.9298032890637	-0.865581258948183
2.12059680828495	-0.966283372803569	0.246615824000692	0.47813153724584	0.428458758793172	0.976852203582354	-0.23542658273737	0.451645042715898	0.437007960543243	-0.0105688307787863	-0.0111892412633209	-0.929776579961739	-0.865466719336414
2.14258056631502	-0.955475629977428	0.255956213897931	0.505498998360529	0.420760550794374	0.986492712378394	-0.225752796057258	0.425813457122176	0.442622469905872	-0.0310170824009673	-0.030203417840673	-0.931312455482706	-0.863383020700246
2.16468241557737	-0.943994809442562	0.265163991459385	0.533778588275335	0.411854782258639	0.995621340038326	-0.215912394223781	0.400639327489025	0.447427901157009	-0.0516265305957655	-0.0492515972356038	-0.934417915764361	-0.859282683415647
2.18681850193602	-0.931861357203812	0.274175123770733	0.56284179987115	0.401641928142626	1.00421521220347	-0.205959080317264	0.376214576077228	0.451492355710011	-0.072353854999658	-0.0682160434534694	-0.939056375948379	-0.853134283852637
2.20890188402699	-0.919107788326451	0.282924564738982	0.592530393578577	0.390037489344294	1.01225849790933	-0.195947580875279	0.352616097340301	0.45488837271595	-0.093150709582881	-0.0869769838637023	-0.94514649091888	-0.844925862060244
2.23084901968354	-0.905776036931898	0.291349944506767	0.622664774691904	0.376975074016823	1.01974411510526	-0.185930296052474	0.329900446882081	0.457690929242268	-0.113968078173359	-0.105419648454292	-0.952565221573986	-0.834666003259091
2.25258603394979	-0.891913621468754	0.299394882585764	0.653054446581003	0.362407260859355	1.02667447162104	-0.175954063838955	0.308100343790674	0.459975007408598	-0.134760850152287	-0.123440818746808	-0.961154790371678	-0.822382268267952
2.27405390549258	-0.877569170221394	0.307011417294895	0.683508911370984	0.346304029636967	1.03306117522037	-0.166057495043416	0.287223407942114	0.461813127136605	-0.155492004998975	-0.140953922251479	-0.970732319313099	-0.808117156773572
2.29521199346864	-0.862787934318272	0.314161245113753	0.713847371742722	0.32864902480207	1.03892385158607	-0.156269182564922	0.267253072643655	0.463273209769684	-0.176135917267796	-0.157892062548831	-0.981100444386378	-0.791922234571753
2.31603974016404	-0.847607817164761	0.320815721764125	0.743906003411836	0.309434270934913	1.04428835634083	-0.146606870332026	0.248151194994147	0.464417018473388	-0.19668053917607	-0.174208851432098	-0.992057198405983	-0.773851289408301
2.33653677760634	-0.832056224820998	0.326954798771987	0.77354221923453	0.288654079832801	1.04918471868273	-0.137077462063177	0.229861650452081	0.465299267403385	-0.217128493861733	-0.18987733670881	-1.00340386968661	-0.753953347236185
2.35672193130756	-0.816147780134983	0.332565193383713	0.802635984024146	0.266298778144408	1.05364511588488	-0.127677613325146	0.212314168483009	0.465967356090385	-0.237497335749898	-0.204887580058566	-1.01495015250716	-0.732266134234792
2.37663172122999	-0.799882719109703	0.337638104091546	0.831088684215422	0.242348617414249	1.05770208516801	-0.118394597087675	0.195427786489267	0.46646159977955	-0.257819366058309	-0.219243507003871	-1.02651647070469	-0.708810217193799
2.39631894553691	-0.783245633538793	0.342166714181283	0.858820247535279	0.216767898734027	1.06138707313273	-0.109207143465573	0.179113479915332	0.466815795235468	-0.278141439593943	-0.232959570715709	-1.03793372745061	-0.683583693969494
2.41585186565686	-0.766204128305549	0.346143609108132	0.885765180841691	0.189499012591874	1.06472933179863	-0.10008599276258	0.163275687088936	0.467057971377073	-0.298525203493086	-0.246057616345551	-1.04904086793063	-0.656556983968946
2.4353144639332	-0.748706882879077	0.34955809774917	0.911868027699934	0.160455764289218	1.06775510564608	-0.0909939305234636	0.147812534399076	0.467211205968788	-0.319048222767003	-0.258564167225706	-1.05968056209901	-0.627666970258005
2.4548082848207	-0.730680480834446	0.352393278417882	0.937078512970758	0.129514963953148	1.07048701286676	-0.0818850609799513	0.132614547055971	0.467294427433835	-0.339806532032315	-0.27050821743793	-1.06969306002673	-0.596809391386983
2.47445657560837	-0.712024105074013	0.354622504800167	0.961346376689649	0.0965046611310037	1.07294349414015	-0.0727029838823557	0.117561464914038	0.467323154929794	-0.36091938906614	-0.28191952091781	-1.07890784160369	-0.563827816060797
2.49441195132829	-0.692600622615269	0.356204618300528	0.984615591469534	0.0611862966874096	1.07513816446373	-0.06337730481185	0.102516387069335	0.467310156166711	-0.382537541848459	-0.292827313488677	-1.08713197853887	-0.52849645285412
2.51486993832028	-0.672221335053998	0.357076766170738	1.00681722337072	0.0232257600094209	1.07707882604902	-0.0538173829275264	0.0873156235203479	0.467266020918655	-0.404857490995028	-0.303259383243211	-1.09413284689107	-0.490491780928075
2.53604056867702	-0.650673103635848	0.357143326244572	1.02780979498408	-0.0177527783103374	1.0787619336937	-0.0439256672319631	0.071789193367611	0.467199846671537	-0.42808883005785	-0.313217659012609	-1.09959898835169	-0.449447068361199
2.5570845263668	-0.628835630658532	0.356332677241485	1.04647342236666	-0.0599802903658216	1.0801111995498	-0.0340946872092066	0.0565258576204711	0.467123949454337	-0.451275568891269	-0.322237990032278	-1.10299927998713	-0.407143659088515
2.57758070253843	-0.607212213417156	0.35467505632329	1.0623699075964	-0.102298232533743	1.08111811437481	-0.0245212042986868	0.0417892505536106	0.467048368859806	-0.473905900957653	-0.330153852024602	-1.10415915815001	-0.364750136326063
2.59739468086978	-0.58602142149823	0.352237913363774	1.07547240044327	-0.144072385535153	1.08180546958745	-0.0152678250931638	0.0276337232770547	0.466979333829594	-0.495784048089224	-0.33697008827061	-1.10310612372033	-0.322906948294441
2.61655618354383	-0.565302959551986	0.349086973489665	1.08594459410445	-0.185031170331042	1.08220411590775	-0.00632040523776984	0.0140011715265498	0.466919883853453	-0.516901156355761	-0.342766568251894	-1.099945765631	-0.281888713522411
2.63517596320819	-0.544998106305234	0.345269355946141	1.09400716773923	-0.225120110526527	1.08234163612841	0.00237304319935808	0.000782185223676029	0.466870928944133	-0.537343529823182	-0.347642399145498	-1.0947893529629	-0.241750818417605
2.65339870148762	-0.524999739514363	0.340808923996659	1.0998717132449	-0.264400037259846	1.08223804656657	0.0108803152300496	-0.0121515849565077	0.466832062452337	-0.557238307052212	-0.351689239226708	-1.0877201282884	-0.20243202519249
2.67137963714639	-0.505179836574922	0.335706682996354	1.1037140808121	-0.302984225459216	1.08190474093851	0.0192740862147077	-0.0249328182465433	0.466802018779638	-0.576724904363586	-0.354980769211061	-1.07878126256555	-0.163817793320421
2.68922659724373	-0.485456291578555	0.329958909739684	1.10566460627988	-0.340900633435927	1.08134639663274	0.0276048487060934	-0.0376591901522994	0.466778896072239	-0.595890105054183	-0.357563758445777	-1.06800541612758	-0.125878262636311
2.70706696117652	-0.465721516657064	0.323541228489162	1.10583064511524	-0.378225075865046	1.08056080342145	0.0359321690383549	-0.0504424352514104	0.466760001838033	-0.614839286764386	-0.359473397527516	-1.05538820986383	-0.0885349259729859
2.72504074265829	-0.445851855652101	0.316408262416692	1.10429029702118	-0.415053909223604	1.07953806105695	0.0443214468036811	-0.0634051532890878	0.466741729931334	-0.633686205404846	-0.360729709220373	-1.0408851437321	-0.0516878207077296
2.74330063116386	-0.425709522049273	0.308491903930436	1.10109148442448	-0.451490441254004	1.07825958160836	0.0528439156378121	-0.076682817093543	0.466719228483217	-0.652550059559087	-0.361335819568247	-1.02440866733094	-0.0152287872292132
2.76201703656365	-0.405139186739653	0.299697303362246	1.09625247104634	-0.487639684027042	1.07669637626369	0.0615789638760102	-0.0904298545262265	0.466685807388119	-0.671557189524043	-0.361276267238255	-1.00582261652012	0.0209538766389242
2.78138788511613	-0.383959715484159	0.289895461134798	1.08976173516906	-0.523608286855268	1.07480607129239	0.0706186450019181	-0.104830111462724	0.466631947919233	-0.690846355808232	-0.360514106136715	-0.984931623706338	0.0569763389360361
2.8016546779058	-0.361949851590886	0.278910464516532	1.0815758407879	-0.559508221118847	1.07252777759904	0.0800750596335139	-0.120113637487146	0.466543623283509	-0.710577926008156	-0.358985524150045	-0.96146220330075	0.0929645978353387
2.82230274015007	-0.339710181986861	0.266989776317361	1.07201813278668	-0.594123141662112	1.06988560352093	0.0897071229858752	-0.135945215838618	0.466405951640648	-0.730175421534069	-0.356696899303236	-0.936072916948066	0.127717190021465
2.84284041197638	-0.317796443836696	0.254444687493014	1.06155150625087	-0.626482865109509	1.06693041998487	0.0992842949212076	-0.15198569205303	0.466204652998285	-0.749133976148179	-0.35372898241422	-0.909565814197839	0.160278212111224
2.86306432738163	-0.296435850101465	0.241462966858387	1.0505608121133	-0.656257678944524	1.06369536020114	0.108710378965435	-0.168098857755096	0.465925184050029	-0.767259510099677	-0.350173345823821	-0.882461954358209	0.190332494894496
2.88293944442961	-0.275665696376408	0.228139172723936	1.03933296506664	-0.683455610957655	1.06019534756321	0.117967493520754	-0.184271357812944	0.46555194069845	-0.784529651186807	-0.34610666624469	-0.855061607253701	0.217903670259206
2.90251518953166	-0.255429552223133	0.21450766267618	1.02807533172201	-0.708227003457685	1.05643046113477	0.127076866303405	-0.20055548539907	0.465067272112773	-0.801000908911634	-0.341584528979585	-0.827519846322945	0.243159731344912
2.92187631140195	-0.235632957401195	0.200567929936088	1.01694204023319	-0.730759788862393	1.05238977439184	0.136075805352381	-0.217034921934645	0.464450544310187	-0.816756816990642	-0.336643735288468	-0.799907118298542	0.266309244552206
2.94111709605616	-0.216172062225546	0.186301347050611	1.00605612833878	-0.751230895350967	1.04805441811409	0.145005554407358	-0.233806298758946	0.463677276298514	-0.831882355888545	-0.331306901457967	-0.77224982957983	0.287553619052453
2.96032902843159	-0.196946826848677	0.171681440549148	0.995525138037683	-0.76978739481892	1.04339969796135	0.153905405060141	-0.250970054013323	0.462718299379059	-0.846452871112674	-0.325586845609288	-0.744555084024361	0.307069095439862
2.97959546457411	-0.177866238858301	0.156680038302309	0.985451158763029	-0.786541765693361	1.0383964744946	0.162810059167879	-0.268626206272697	0.461538890161771	-0.860530235636299	-0.319490097470188	-0.716824952490333	0.325002875531591
2.99898962431258	-0.158849771225756	0.141271054953756	0.975936899856605	-0.801573110954356	1.03301208044949	0.171748516466131	-0.286872433840777	0.460097852260859	-0.874162309223738	-0.313019571419886	-0.689064466015829	0.341475258693497
3.01857392530052	-0.139827310282601	0.12543307340311	0.967089048624047	-0.814930439325778	1.0272110187682	0.180743562416421	-0.305802969981321	0.45834655308903	-0.887383708485601	-0.30617663581953	-0.661286078642728	0.356583886236747
3.03839964742301	-0.120738674966509	0.109151426489884	0.959019696248473	-0.826636342050111	1.0209556387241	0.189811386398889	-0.325507463017444	0.456227958195027	-0.900216963757587	-0.298962812888772	-0.63351223323103	0.370408383855084
3.05850644640608	-0.101533260116941	0.092420173463205	0.951846217404751	-0.836690498558836	1.01420694925388	0.1989611128704	-0.346069300424368	0.453675748043966	-0.912673689136945	-0.291381286333604	-0.605776916980385	0.38301475051487
3.07892153412976	-0.0821700250223747	0.0752441488547362	0.945689713082729	-0.845072970049733	1.00692569710668	0.208194175050891	-0.367563100698914	0.450613651792029	-0.924755672084308	-0.283438323905626	-0.578126612383816	0.394459318257705
3.09965853349832	-0.0626178711846766	0.0576410902898451	0.940671968510654	-0.851747478110195	0.99907380254535	0.217503559363024	-0.39005123153329	0.446955185706008	-0.936455931360675	-0.275144649652868	-0.550620736977365	0.404792292404188
3.12071616384005	-0.0428563323068198	0.0396436970854118	0.936910840765235	-0.856664950786027	0.990616194279115	0.226873029039838	-0.413579380823845	0.442604029102894	-0.947759861972297	-0.266516726125249	-0.523331459941392	0.414060921683134
3.14207704538213	-0.022876397292526	0.0213013251648701	0.934514085397536	-0.85976760185537	0.981523006822245	0.236276506827685	-0.438171424857076	0.437455287047471	-0.95864660952972	-0.257577831992554	-0.49634266054046	0.4223123148079
3.16370702319206	-0.00268119506821437	0.00268090249803637	0.933571866952018	-0.860993700450412	0.971771993826187	0.245677852467988	-0.463824109610851	0.431397847322192	-0.969090798757975	-0.248358754966024	-0.469747757341168	0.429595853128221
3.18555546982823	0.0177137964085075	-0.0161334063000636	0.934148554334376	-0.860282988112873	0.961350881726007	0.25503128951017	-0.490502345294542	0.424317910590432	-0.979064678134516	-0.238897883210105	-0.443646209039835	0.435965077522442
3.2075569839102	0.0382813632618277	-0.0350421939990744	0.936274800907778	-0.857582428306159	0.950259272220411	0.264282690423661	-0.518136118608861	0.416103546753261	-0.98854063548224	-0.229240496424586	-0.418138682298918	0.441478881552898
3.22963472034401	0.0589842541988215	-0.0539346501356285	0.939941206772573	-0.852851688697177	0.938509650731753	0.27337180050188	-0.546620027476713	0.406649837287617	-0.997493904930576	-0.21943715036625	-0.393321179295861	0.44620185140956
3.25170527234012	0.0797780413877677	-0.0726940681748085	0.945094882298404	-0.846067558311923	0.926127121290471	0.28223528028669	-0.575816139486357	0.395863884706685	-1.00590516267824	-0.209541212111881	-0.369278742812048	0.450203673605238
3.27368464902633	0.100614964135533	-0.0912044259073502	0.951639859189715	-0.837226495226803	0.913147684144966	0.290810224342418	-0.605560269766949	0.38366882117906	-1.0137626482805	-0.199605798435067	-0.346079589422767	0.453557674047743
3.29549458407872	0.121448327480082	-0.109357122575873	0.959441561842353	-0.826344738142059	0.899615160738807	0.299037650890708	-0.635671015848825	0.370006023351008	-1.02106348821889	-0.189680528314833	-0.323770545993529	0.456338714791052
3.31706829721315	0.142236881360041	-0.127056866454246	0.96833467227786	-0.813455848598872	0.885577157933963	0.306865423037505	-0.665960234605485	0.35483505137759	-1.02781403929401	-0.179808556583258	-0.302374437672377	0.458620797221283
3.33835496561489	0.16294862134984	-0.144225897036938	0.978133006388982	-0.798606036262933	0.871080644006461	0.314250178662565	-0.696243344076723	0.338131281657132	-1.0340292653563	-0.170024281625626	-0.28188966231226	0.460474754605801
3.35932249423701	0.183563621666905	-0.160806123589928	0.988639712532797	-0.781847985731303	0.856167720544897	0.321158067769662	-0.726347979664171	0.319881632664263	-1.0397313422118	-0.160351944179733	-0.262291732868627	0.46196635306704
3.37995857475159	0.204075766940075	-0.176759213792401	0.999656261958576	-0.763234034919951	0.840872027288516	0.327564337734525	-0.756120036654164	0.300079045307513	-1.04494779422859	-0.150805123942122	-0.243536225304413	0.463154989612439
3.40027036071948	0.224493502080389	-0.192065023044737	1.01098918748681	-0.742809440816596	0.825215979761359	0.333451987843844	-0.785426771042048	0.278716410153269	-1.04970948184175	-0.141386964799106	-0.225562416444761	0.464093030663327
3.42028328504302	0.244839903992716	-0.206718936280775	1.0224541131534	-0.720606183269801	0.809208795706467	0.338809793603227	-0.814157187078949	0.255780464136648	-1.05404869969919	-0.132090857322451	-0.208296926074456	0.464825719133153
3.44003960183664	0.265152474631451	-0.220728702314419	1.0338771020815	-0.696637406195806	0.792845073559992	0.343629982148655	-0.842220281116023	0.231245892639078	-1.05799754819144	-0.122901279834235	-0.191656820965475	0.465391513556729
3.45959719751303	0.285483082690484	-0.234111232137472	1.04509362601138	-0.670892257039948	0.776103559662367	0.347905753315666	-0.869541815576249	0.205069550160568	-1.06158664235285	-0.113794521178193	-0.175551810435133	0.46582270687938
3.47902915377723	0.30589848510519	-0.246889676076188	1.05594551251838	-0.643330583551925	0.758945658039804	0.351628720115456	-0.89606021721085	0.177184393526611	-1.064844143145	-0.104739044039268	-0.159885295307536	0.466146190025314
3.49842452550386	0.326481893127883	-0.259090943420663	1.06627608691629	-0.613876645454936	0.741313149372321	0.354786206851939	-0.921722005615446	0.147492386622579	-1.06779504250021	-0.0956952634312741	-0.144554081300841	0.466384258832357
3.51789088508855	0.34733617439787	-0.270743710117642	1.07592342155115	-0.582410597949379	0.723124424573677	0.357358188866633	-0.946476919308604	0.11585519872336	-1.07046059897155	-0.0866144787489897	-0.129446502242548	0.466555399226019
3.53755947172374	0.368589597522353	-0.28187688240204	1.08471110682626	-0.54875581303017	0.704268194112757	0.359313449607732	-0.970272636738695	0.082080795412532	-1.07285779163511	-0.0774365672056902	-0.114438470087565	0.466675017617638
3.55759444738015	0.390405719095174	-0.292518441833485	1.09243511589314	-0.512658736267487	0.684592895611401	0.360604180284432	-0.993048654417807	0.0459026264269446	-1.07499861470658	-0.0680857384509461	-0.099386461475333	0.466756109840542
3.57820923085106	0.413000535761899	-0.302694582069035	1.09884372527486	-0.473755038825945	0.663888400074621	0.361157546285431	-1.01472836396914	0.00694515364454632	-1.07688893583652	-0.0584629642163952	-0.0841153613057212	0.466809885181399
3.59925296107798	0.436183868441356	-0.312237196319353	1.10352709573266	-0.432395925579442	0.642312176532793	0.360876270435213	-1.03480811198457	-0.0344498731421881	-1.07849604497415	-0.0486390741158589	-0.0687189837480937	0.46684579872163
3.62002740122552	0.459146585952239	-0.320787977485192	1.1060815806995	-0.390168217828734	0.62062002502865	0.359728276879234	-1.05240548997853	-0.0767042309919198	-1.07976661098089	-0.038940299394041	-0.0536760907209765	0.466872448820654
3.64021080174574	0.481485350603542	-0.328242772967419	1.10640831348894	-0.348063745498846	0.599217759430088	0.357759747103009	-1.0672305617916	-0.118833716518022	-1.08070311003363	-0.0295169741355895	-0.0391777516973429	0.466897462016868
3.65972564118879	0.503069281013999	-0.334633662463839	1.10456554162744	-0.306598101803177	0.57826201417475	0.355038953189726	-1.07932609629079	-0.160327896424205	-1.08133129518875	-0.020405290725886	-0.0252394453366583	0.466925998227383
3.6786289189979	0.523922253285784	-0.340047020887317	1.10066241562674	-0.265971115218798	0.557758788871115	0.35162558489581	-1.08887641349281	-0.200989875553545	-1.0816810421569	-0.0115785640084919	-0.0117860021339378	0.466960990772342
3.69704175858279	0.544144011765692	-0.344578590770305	1.09480093686416	-0.226199205380943	0.537633514474174	0.347558723138638	-1.09609837548589	-0.240804585872414	-1.08177752623987	-0.00298013236833184	0.00129743862173287	0.467003791253358
3.7151110577513	0.563865214149666	-0.348312961871356	1.08705045158073	-0.187203921268741	0.517772872332501	0.34285424276863	-1.10119003529037	-0.279850769239011	-1.08163808648217	0.00545871910272783	0.014139583709638	0.467054690507752
3.73297769661021	0.583209935162238	-0.351313930611297	1.07744727010743	-0.148894081747148	0.49806199241552	0.337510026924331	-1.10430961711898	-0.318219080169451	-1.08127192757776	0.0138039036869675	0.026862347011541	0.467113161916599
3.75075379126891	0.602269358132489	-0.353623530700855	1.06601172341778	-0.111226842767064	0.478412365279598	0.331515631478028	-1.10557807785632	-0.355951021507923	-1.08068172341209	0.022107899222828	0.0395663544385473	0.467177864274988
3.76856890691908	0.62115015990491	-0.355271283994703	1.05272627223425	-0.0741191280128408	0.458712990552392	0.324839959207686	-1.10509159920729	-0.393127612167804	-1.07986315045731	0.0304313247870182	0.0523653269730458	0.467246740180645
3.78656530806112	0.639966593443726	-0.35627125281207	1.03753262047804	-0.0374703499477688	0.438837442748394	0.317430536675137	-1.10291708975621	-0.429846481028712	-1.07880403619212	0.038840716136934	0.0653844692781714	0.467316830976481
3.8048994570195	0.658838945246897	-0.356620343555027	1.02032806831291	-0.00117299150461296	0.41864422637203	0.30921113175224	-1.09909169812772	-0.466210916449274	-1.07748317161893	0.0474092118027888	0.0787636298148019	0.467383907953887
3.82374834167473	0.677896236029428	-0.356296269163511	1.00095853333544	0.0348843815090275	0.397972037470876	0.300076787383837	-1.0936230761171	-0.502326224702825	-1.07586827350031	0.0562194817796752	0.0926645427816583	0.467441843193797
3.84332087970523	0.697282522952857	-0.35525395933194	0.979205673020999	0.0708192459571056	0.376629948993431	0.289884955477446	-1.08648857847396	-0.538300799613937	-1.07391247194629	0.0653690038544952	0.107282905452958	0.467481553656832
3.86380624741242	0.717100376717479	-0.353426552840229	0.954850291302373	0.106642174545433	0.354456520873483	0.278480749610188	-1.07766444082329	-0.574131393201957	-1.07155689759097	0.0749458032300426	0.122814149520916	0.467489218656524
3.8844530415616	0.736553832907637	-0.350861792802027	0.928883158140632	0.140781812039214	0.332304377682144	0.266263996439975	-1.06762299678677	-0.608229096397934	-1.06885821058978	0.0845977963620535	0.138739838646135	0.46744728435872
3.90488402756797	0.755262877962728	-0.347650510883954	0.902011710257731	0.172542417577556	0.310598232285204	0.253503050871086	-1.05681246391774	-0.639882243271985	-1.06586111024793	0.0941474600128689	0.154800753660005	0.467339825694429
3.92496746863559	0.773108065262516	-0.343881735957727	0.874674095799491	0.201758356040097	0.289483964091817	0.240349943921714	-1.04558654499161	-0.668909984198724	-1.06259202935434	0.103531792036015	0.170912449192122	0.467151628158626
3.94470696497846	0.790104697140702	-0.339625302863413	0.847112097090893	0.228524276767411	0.268955630694651	0.226874475161753	-1.03420316217616	-0.695391071599216	-1.05906032783536	0.112750827701662	0.187091065085264	0.466866794831805
3.96417010666087	0.80632496929652	-0.334929825805126	0.819444455110613	0.253034343324152	0.248936994369469	0.21309559515619	-1.02284873523668	-0.719501781661179	-1.05526196366599	0.121834230648938	0.203404280126062	0.466467438337027
3.98344854990152	0.821856594025304	-0.329826439915253	0.791721092862068	0.275501111528022	0.229326477490626	0.199003906553097	-1.01166435120815	-0.74143369250296	-1.05118307151593	0.130822533362157	0.219943258346085	0.465932580974939
4.00263782987673	0.836783321795514	-0.324333590224533	0.763957947935915	0.296120496752561	0.210019332986451	0.184576011213234	-1.0007660263589	-0.76135769720787	-1.04680265478197	0.1397575790113	0.236808078422981	0.46523720045531
4.02182807556276	0.851177052998677	-0.318461194952541	0.736157666289932	0.315060127263697	0.190917341393355	0.16978315617884	-0.990258422106369	-0.779411454695179	-1.04209439439204	0.148678038773702	0.254100755816436	0.464351327431483
4.04110021050636	0.865095537159362	-0.312213871999617	0.70832135158964	0.332458373936578	0.171932282498656	0.154596400612373	-0.980243476400918	-0.795697500202587	-1.03702781965802	0.157617471387245	0.271922124811277	0.46323912626601
4.06052462665299	0.878582499623191	-0.305593387123111	0.680455104221671	0.348427652937583	0.152986607824468	0.13898987324265	-0.970825512777	-0.810285581024641	-1.03156910744766	0.166603513880462	0.290370408555328	0.461857928087059
4.08016074674874	0.891668651022987	-0.298600579623758	0.652573698873448	0.363059033212454	0.134013085461223	0.122943118052347	-0.962113943257607	-0.823216257487671	-1.02568173648421	0.175657461571413	0.309540244384157	0.460157224275217
4.10005668150075	0.904372889945526	-0.291236990110431	0.624702754967493	0.376426906268317	0.114954291187124	0.106443121439918	-0.954224206786558	-0.834504576663889	-1.01932718113265	0.184793868670514	0.329521451819064	0.458077670395572
4.12024861938974	0.916703447090329	-0.283506348865822	0.596880102999716	0.388593288937501	0.0957623486999056	0.0894863402404818	-0.947277217327208	-0.844143487653436	-1.01246579579024	0.194020008625342	0.350397114327491	0.455550198715935
4.14075983750745	0.928658941714398	-0.275416010865743	0.569156630472713	0.399611680983936	0.0763990699558853	0.0720808518153225	-0.941397350908241	-0.852107073643578	-1.00505801167029	0.203335159050422	0.372240720435527	0.452495392659642
4.16159939342667	0.94022943474933	-0.266978348871201	0.541596614763861	0.409530521175493	0.0568364957328085	0.0542485815319637	-0.936708875040345	-0.858353854881992	-0.997065930482143	0.212729767339238	0.395112260276483	0.448823333706499
4.18276070343558	0.951397617302394	-0.258212038255859	0.514277367066116	0.418396292185563	0.037057723329945	0.0360274052381391	-0.933330723943383	-0.862830468321447	-0.988455340632344	0.222184633017721	0.419053356877266	0.444434176135886
4.20422034748265	0.962140285141476	-0.249143089769096	0.487287908164713	0.426256272999099	0.0170578052265201	0.0174727740400306	-0.9313696654637	-0.865475985453337	-0.979198090368	0.231670315729067	0.444081757298986	0.439219712454238
4.22593755012955	0.972430218463227	-0.239805422525497	0.460726387842252	0.433160860807257	-0.00315559038068033	-0.00134160802320302	-0.930912197560752	-0.866226990087828	-0.969274628082551	0.241147030548701	0.470185809718499	0.433066129280571
4.24785482717236	0.982238506313158	-0.230240743279251	0.434696071344865	0.439165311944562	-0.0235621253016274	-0.0203245552037605	-0.932015920375451	-0.865023302739852	-0.958676381011535	0.250565298483013	0.497319849030585	0.425857990795291
4.26990020552973	0.991537230032453	-0.220497537933255	0.409299959710935	0.444330715336667	-0.0441296981415221	-0.039370011409614	-0.934701551046466	-0.861813936799549	-0.947407531890935	0.25986754934287	0.52540159133553	0.417483221462883
4.29199118574604	1.00030227458019	-0.210629104246876	0.384634450580004	0.448724041930526	-0.0648165472744946	-0.0583616080362005	-0.938947009844837	-0.856562580173547	-0.9354857273057	0.268990712283078	0.554312559264832	0.407838538243021
4.31404024656675	1.00851591805445	-0.200690746832271	0.360782784429707	0.452417221899241	-0.0855745576249713	-0.0771788522058211	-0.944684921534174	-0.849251729316079	-0.922941360429485	0.277869599038094	0.583902137104466	0.396834507416838
4.33596129073378	1.01616881310884	-0.190736462695031	0.337809220378671	0.455485367247285	-0.106353494866756	-0.0957041910366874	-0.951804351806175	-0.839884666602725	-0.90981531824209	0.28644065373172	0.613995131427503	0.38439929935544
4.35767614924478	1.02326105158139	-0.180815589492411	0.315754833834704	0.4580044263196	-0.127105645808469	-0.113829911618245	-0.960156730429707	-0.828484797071979	-0.896155405772929	0.294645501110658	0.644401896595002	0.37048037075238
4.37912022053468	1.0298021801408	-0.170969905726776	0.2946355110166	0.460048663053498	-0.147790235274726	-0.131463832446963	-0.969564982107768	-0.815092360646286	-0.882011944866075	0.302433738173741	0.674929471091166	0.355043697592789
4.4002465454104	1.03581024850059	-0.161231550957795	0.274442237838913	0.461688355871028	-0.168377062938485	-0.148533032360291	-0.979834231211607	-0.79975903615398	-0.86743318556211	0.309764583318088	0.705391993372693	0.338070680282953
4.42102801757534	1.04131014628188	-0.151621923322696	0.255143314605385	0.462988013693046	-0.188849026051096	-0.164985331380479	-0.990762281833227	-0.782541276827666	-0.852461120230792	0.316607254703176	0.735618967227841	0.319553263134621
4.4414578520574	1.04633156805891	-0.142151490638238	0.236687820425268	0.464005254742988	-0.209203477593466	-0.180788707174127	-1.00214838795668	-0.76349327176911	-0.837128090465454	0.322940197812367	0.765460567531408	0.299488017026122
4.46154874957099	1.05090693150702	-0.132820287735957	0.219009559280602	0.464790344675862	-0.229452620149857	-0.195929156355246	-1.01379942139215	-0.742660237371338	-0.821454311357173	0.328749444091205	0.794789862111544	0.277869892695476
4.48133134768745	1.05506949072148	-0.123618794940661	0.202030806857715	0.465386285018601	-0.249623297352634	-0.210407635574884	-1.02553316362666	-0.720072407624396	-0.805446193368854	0.334026430515547	0.823502356768949	0.254686122605796
4.50085255961457	1.05885177850065	-0.114528889720526	0.185665356651998	0.465829294083659	-0.269756611479336	-0.224236671885596	-1.03717890370659	-0.695739724115767	-0.789095167021317	0.338765561606123	0.851513547054588	0.229910430032108
4.52017433240058	1.062284412199	-0.105524602099457	0.169820547138014	0.466149521223281	-0.289907800304918	-0.237437087072955	-1.04857574156244	-0.669646895369038	-0.772376611894092	0.342961689172413	0.878755194424423	0.203497374145757
4.53937328171372	1.0653952246769	-0.0965724468976302	0.154398076650049	0.466371862639754	-0.310146798735613	-0.25003510847027	-1.05956898706662	-0.641748209260901	-0.755248425941289	0.346607555367901	0.905170910416568	0.175376346621147
4.55854164532068	1.06820863586948	-0.087631119614419	0.139293443374414	0.466516784997769	-0.330559946185788	-0.262059987504441	-1.07000485562147	-0.611961189562019	-0.737648689683698	0.349691107118862	0.930711412247056	0.14544440456425
4.57779010545855	1.07074515214454	-0.0786502972772439	0.124393757463149	0.466601099797604	-0.351253443286436	-0.273542137867252	-1.0797233176939	-0.580157774161879	-0.719491708858105	0.352192435144498	0.955329560230754	0.113556674364275
4.59725335407528	1.07302085430118	-0.0695681376114657	0.109573410815621	0.466638661260566	-0.372359511946867	-0.284511739148488	-1.08854842204907	-0.546150947266173	-0.700661342354317	0.354079876759955	0.978975011233451	0.0795122860056072
4.61710000891744	1.07504668783664	-0.060306729085681	0.0946865283946955	0.466640982475288	-0.39404697964188	-0.294997721086212	-1.09627450475888	-0.509673250555925	-0.680999708194763	0.355304450171895	1.00158797636418	0.0430322680806375
4.63755011429979	1.07682725889334	-0.0507639865755737	0.0795539203157713	0.466617780814671	-0.416539699315108	-0.305027040450266	-1.10264493598641	-0.470340319608933	-0.660287559578239	0.355791027025841	1.02309101567064	0.00372253879426176
4.65829205627469	1.0783191445457	-0.0410857600452165	0.0643867180487975	0.466578818609687	-0.439468346226563	-0.31436025527143	-1.10721207625728	-0.428837326505199	-0.63885079831914	0.355446015316648	1.04282535820849	-0.0377414921044882
4.6787004865061	1.0794816697953	-0.0315640481791348	0.0496086463911989	0.46653434452159	-0.462100283490193	-0.322687956363676	-1.10962386025339	-0.386655316251353	-0.617381386305112	0.354252004542812	1.06001521386219	-0.0798790282702367
4.69850201456217	1.08032259454615	-0.0223263827887132	0.0353768828163223	0.466492008391211	-0.484085131334761	-0.329933390014897	-1.10981221906849	-0.344702070156229	-0.596237463211396	0.352259772803612	1.07443533625217	-0.121789938234982
4.71764543689358	1.08086850509804	-0.0133964981066003	0.0216900622651601	0.466456322004223	-0.505322196634937	-0.336139972931018	-1.10784851005188	-0.303434413546865	-0.575546308463105	0.34953647103762	1.08615844778672	-0.163021908457358
4.73619933143634	1.08114809442023	-0.00474220283173984	0.00846673721111721	0.46642938293915	-0.525849640523482	-0.341396348824447	-1.10384449696089	-0.263016783753826	-0.55529845389675	0.346138551656188	1.09537775974977	-0.203412599185324
4.75428808187966	1.08118473984985	0.00369472333089774	-0.00440869347352096	0.466411708145836	-0.545772193026156	-0.345796403627324	-1.09789997799952	-0.223446783861915	-0.535412546823696	0.342101680296428	1.10230867147304	-0.242964924283921
4.77205776257124	1.08099400755507	0.0119825945215623	-0.0170632097588868	0.466402805693292	-0.565220759264712	-0.349421478553815	-1.09008050742396	-0.184637296783048	-0.515773248290361	0.337438884032254	1.10714371718285	-0.281765508910244
4.78963961352193	1.08058383021274	0.0201827757499714	-0.0296110404393776	0.466401459950142	-0.584309844322566	-0.3523309933163	-1.08042295488773	-0.14650980518952	-0.496273985890181	0.33214821756633	1.11003399532711	-0.319891654760621
4.8071476064319	1.07995582435447	0.0283485439654841	-0.0421534895702213	0.466405768250094	-0.603133443587421	-0.35456540972274	-1.06894355318047	-0.109011259338761	-0.476822380767054	0.326216865757257	1.11109704275069	-0.357394508911332
4.82471109008677	1.07910468450894	0.0365403074863904	-0.0548036885656951	0.466413069000669	-0.621798648742633	-0.356152223058974	-1.05562066241072	-0.0720539907530766	-0.45730603576631	0.319611915572585	1.11042435097642	-0.394359078247592
4.84247131857578	1.07801738109014	0.0448239758625361	-0.06768584439162	0.466419743038145	-0.640419170864564	-0.357103481051773	-1.04039210705675	-0.0355357113939934	-0.437598210225577	0.312279505189238	1.10807795144837	-0.430884031644151
4.86058368153438	1.07667195248019	0.0532719798483484	-0.0809388853541386	0.46642081329609	-0.659114621574686	-0.357414235651064	-1.02315138055036	0.000651553076843683	-0.417557330905508	0.304142255802717	1.1040902659045	-0.467072366372933
4.87922449254201	1.0750354083622	0.0619664001901645	-0.0947240196977391	0.466409263673198	-0.678013712663172	-0.357060487626327	-1.00374030132053	0.0366194432285894	-0.397021695699029	0.295094087436164	1.09846432101827	-0.503028706901787
4.89860278652407	1.07306012171227	0.0710044017515987	-0.109237114968644	0.466374899794177	-0.697260940186851	-0.355995475863419	-0.981935559633483	0.072486045124129	-0.375799181525429	0.284991074111822	1.09117267460213	-0.538860944918306
4.91880574449597	1.07069926543153	0.0804260264716256	-0.124595523387646	0.46630318141973	-0.716861199512004	-0.35416184273961	-0.957640246942914	0.108085455867015	-0.353838065919529	0.273735816267986	1.08223577033056	-0.574388637286745
4.93913219202993	1.06800831548317	0.0899033343792522	-0.140313839003245	0.466179601583462	-0.736070747981564	-0.351610449917709	-0.931808748331483	0.141944528363314	-0.33193756750161	0.261707115538458	1.07212258733473	-0.608124129946776
4.95923661864863	1.06502965064441	0.0992740557263088	-0.156154191630004	0.465990042739436	-0.754541207437915	-0.34843000549344	-0.905114600368381	0.173426988453476	-0.310488443206496	0.249155949767133	1.06126879199838	-0.639417031192912
4.97900336478939	1.06178752107502	0.10848292281931	-0.172043178500466	0.465720189569604	-0.77216813415632	-0.344705724850276	-0.877971852881578	0.202394875533889	-0.289619386918706	0.236222802030968	1.05001503138204	-0.668115065103493
4.99844228787395	1.05828970987959	0.117532970558193	-0.188001261209817	0.465354508160417	-0.788971893309745	-0.34050385856276	-0.850607745673347	0.228951686370154	-0.269317816569845	0.222970888004569	1.03860900688316	-0.69430619453057
5.01762206777422	1.05453122363823	0.126454356791084	-0.204096709828733	0.46487522151161	-0.805024843737745	-0.335870265909733	-0.823133265843063	0.253291354186764	-0.249506379900492	0.209415909118651	1.0272299756718	-0.718166575698373
5.03663314186482	1.05049773657402	0.135286978980245	-0.220419445794037	0.464261392934524	-0.820412894685366	-0.330834137145062	-0.795594668118954	0.275622683650234	-0.230084841888662	0.195547158164819	1.01601411391299	-0.739884076584758
5.05556905402634	1.04616813278972	0.144071660740266	-0.237067526986907	0.463488082098357	-0.83521750138702	-0.325412574547093	-0.768006387353607	0.296137010792802	-0.210950631402701	0.181340913806829	1.00507391434051	-0.75962509289116
5.07451792419568	1.04151619277802	0.152846039337136	-0.254140715805597	0.462525508851288	-0.849508429814854	-0.31961453861568	-0.740370545892449	0.314997677156074	-0.192007762963174	0.166768499278546	0.994511261698045	-0.777523186007362
5.09355899308028	1.03651167196831	0.161642797910204	-0.271737635726041	0.461338176343619	-0.863341696894483	-0.31344389949306	-0.712688024135757	0.332339418060873	-0.173169975073837	0.151801101582857	0.984425659861796	-0.793677594404493
5.11276144285055	1.03112102780604	0.170488933875916	-0.289954488615018	0.459883933690835	-0.876759748604174	-0.306901754307874	-0.684964629684343	0.348271689864981	-0.154361279201868	0.13641282043196	0.97491911829936	-0.808155623555816
5.13218402182597	1.02530801086295	0.179405375756738	-0.308884181575603	0.458112990642427	-0.889792441092392	-0.299988255283776	-0.6572145812072	0.362883173528168	-0.135515569770567	0.120582879527039	0.966098762782802	-0.820996164170595
5.1518747339948	1.01903429474201	0.18840660597795	-0.328615195469731	0.455966933414771	-0.902458184705963	-0.292704162198087	-0.629462584141033	0.376246302874646	-0.116576110036052	0.104297556220139	0.958077779610763	-0.832213236289417
5.17187025368402	1.01226028891135	0.197500139100654	-0.349229789379746	0.453377834757027	-0.914765018124535	-0.285052270771118	-0.601745162312985	0.38842142478657	-0.0974952707868154	0.0875521316704663	0.95097495169273	-0.841799259543597
5.19219495718761	1.00494625257234	0.206685820994923	-0.370801294782444	0.45026760303017	-0.926711587433797	-0.277038801088926	-0.5741115148233	0.399460526186776	-0.0782346651385519	0.0703529800940044	0.944912809605742	-0.849728129216946
5.21285962213684	0.997053794903081	0.215954999021634	-0.393390389667812	0.44654776995031	-0.938288112011491	-0.268674760552448	-0.546623906309496	0.409410576135826	-0.0587656828915947	0.0527197615308154	0.940014295977307	-0.855958346086137
5.23385998156754	0.988547794400651	0.225289688366304	-0.417040409998828	0.442119961754927	-0.949477471920461	-0.259977222576701	-0.519357423179837	0.418316537242917	-0.0390703224801947	0.0346875342103991	0.936397833178665	-0.860436498997844
5.25517544932977	0.979398686644726	0.234661929877433	-0.441771983811888	0.436877310698663	-0.960256565850839	-0.250970387705876	-0.492398825053347	0.426224051256867	-0.0191421207938917	0.0163084578284441	0.934170808865234	-0.86310136195553
5.2767684436167	0.969584953315344	0.244033588899499	-0.467577558713146	0.430707011629493	-0.970598063415001	-0.24168622948323	-0.465844202841637	0.433181729636452	0.00101311009965234	-0.00234735941626751	0.933421761554783	-0.863888741265945
5.29858478694898	0.959095510452084	0.253356858008086	-0.49441668540951	0.423494082703675	-0.980472604350643	-0.232164495525439	-0.439795248786435	0.439242907650683	0.0213770938985539	-0.0211923624826455	0.934211934195944	-0.862736990354358
5.32055560155065	0.947931578287145	0.262575669649362	-0.522213114098626	0.415126142924558	-0.989851380818528	-0.222451862530545	-0.414354164215384	0.444466679942016	0.0419198025313782	-0.0401238071188145	0.936567278314008	-0.859592822866574
5.34260091078755	0.936107573787747	0.271628080177898	-0.550854724690675	0.405498710289682	-0.998708897585528	-0.21260015164303	-0.389617551588232	0.448918055657135	0.0626013237977754	-0.0590279285348656	0.940472276278906	-0.854416765946817
5.36463481356664	0.923650650992127	0.280449470661544	-0.580196949856824	0.394520245403636	-1.00702558155581	-0.202663689583227	-0.365669972621021	0.452667166917972	0.0833749305636828	-0.0777857810783157	0.945866922477844	-0.847187412321608
5.38657170612303	0.910598735312961	0.288976181198556	-0.610069683203141	0.382116038312377	-1.01478986053494	-0.192696104609272	-0.342578074189649	0.455787620210187	0.104191125221977	-0.0962800765892824	0.952647757392789	-0.837903658522564
5.40833272446611	0.896997205149484	0.297149039915541	-0.640286871856638	0.368230151782038	-1.02199938801239	-0.182747000844719	-0.320386172846157	0.45835424749621	0.125002182862903	-0.11440203907082	0.960673044702793	-0.826584399278248
5.42985149827152	0.882894663729825	0.304916235051745	-0.670657353012016	0.352824988431865	-1.02866124946161	-0.17285899352163	-0.299113916733096	0.460440629052457	0.145766585731785	-0.132057241530113	0.96977126974511	-0.813265617484322
5.45107848458272	0.868338408362383	0.312235120383933	-0.700995249614957	0.335878526970835	-1.03479119262079	-0.163065490806466	-0.278756195646657	0.462116777934255	0.166452784258401	-0.149169629577465	0.979751445261612	-0.797995304905089
5.47198351665314	0.853370188270753	0.319072784703521	-0.731128464002575	0.317379700686521	-1.04041210527912	-0.153389413357985	-0.259285006323804	0.463447294272421	0.18704191700836	-0.165683371345534	0.990413470326378	-0.780826994958942
5.49255661906125	0.838022668588485	0.325405462768155	-0.760904373331628	0.297322626310192	-1.04555206300944	-0.143842824754612	-0.240652650805641	0.464490155190955	0.20752939442095	-0.181562638013541	1.00155702413727	-0.761812781501147
5.51280747177362	0.822316764997583	0.331217038226296	-0.790192497754461	0.27570038443485	-1.05024227149384	-0.13442727375021	-0.222795521304658	0.465296158095765	0.227925506496248	-0.196789764476084	1.01298801905912	-0.740996542530615
5.53276408553979	0.806259766574328	0.336496953355037	-0.818884459905161	0.252498849445123	-1.05451515731109	-0.125134557525757	-0.205637783067763	0.465908924450857	0.248255390736759	-0.211362395829277	1.02452224297292	-0.718407773895981
5.55247128699417	0.789843977321744	0.341237806457732	-0.84689186466559	0.227690759081695	-1.05840275787169	-0.115947598805072	-0.189094428188748	0.466365314912476	0.268558780549942	-0.225290207652658	1.03598629285434	-0.694056073994172
5.57198956134302	0.773045488062898	0.345432819980446	-0.874142796737895	0.201229881435832	-1.06193546124243	-0.106841158903189	-0.173073350409773	0.466696098804595	0.288889973179522	-0.238591661077255	1.04721614714767	-0.667925980240426
5.59139473587721	0.755822611121781	0.349073234775769	-0.900577524603253	0.173044812265339	-1.06514106950835	-0.0977821463191801	-0.157476217371481	0.466926743994234	0.309318458386569	-0.251291088456587	1.05805374197473	-0.639971556259573
5.61077897718236	0.738113417434571	0.352145545390625	-0.92614379190766	0.143031588153587	-1.06804410841193	-0.0887292920986359	-0.142197951648028	0.467078229361344	0.329930690977356	-0.263416253291987	1.06834174355569	-0.61010981751493
5.63025368737222	0.719831633726113	0.354628329448736	-0.950791826517419	0.111043829974324	-1.07066527325604	-0.0796319157772434	-0.127124543425671	0.467167818604752	0.350833639529922	-0.274996413671491	1.07791636994309	-0.578211648579075
5.64995521939786	0.700859764529234	0.356488198799766	-0.97446891594034	0.0768783259469377	-1.07302087120294	-0.0704273526597983	-0.11212865120009	0.46720976473829	0.372161106673702	-0.286060846139965	1.08659756714043	-0.544088090685228
5.67005509467729	0.681037457054688	0.35767400872614	-0.997113040405067	0.0402523788767382	-1.07512206968068	-0.0610362584899966	-0.0970618656384582	0.467215937925962	0.394084612625983	-0.296637750236142	1.09417490604352	-0.5074683168027
5.69077810699054	0.660141248596768	0.358107659304691	-1.01864447924355	0.000765822484870865	-1.07697364592689	-0.0513542139153814	-0.0817412543752627	0.467196387206155	0.416832397330113	-0.306753445389308	1.10038573361881	-0.467962209691026
5.71177383738568	0.638535591823987	0.3576949148922	-1.03836784133435	-0.0408334873331061	-1.07852791509802	-0.0415453820829082	-0.0664054632422907	0.467161168612764	0.439992323274027	-0.31614953280929	1.10477330457663	-0.426327681279658
5.73242059593091	0.616907785611731	0.356421996714403	-1.05552362459938	-0.083076782823281	-1.07974409026693	-0.031900413272095	-0.0514734818475871	0.46712064658811	0.462836304655192	-0.324521583442306	1.10699710644697	-0.384043863764828
5.7524497637028	0.595611167348325	0.354341891784853	-1.06989773289296	-0.125075631347597	-1.08063057717341	-0.0225447676590345	-0.0370974273152197	0.467082513688762	0.485019409825083	-0.331797124125817	1.10699516020818	-0.342006882341164
5.77181446805073	0.574769173666089	0.351522675182421	-1.08156900332587	-0.166386536717475	-1.08121476449485	-0.013500184729254	-0.0232716901227115	0.467051284425006	0.50644559082876	-0.338022490453165	1.10484069344858	-0.300664747707531
5.79058688651254	0.554369482841336	0.348020815845861	-1.09073333516593	-0.206852944716277	-1.08152605030234	-0.0047327497483805	-0.00991145908330099	0.467029041773141	0.527156567460998	-0.343288066097479	1.10064479424923	-0.260176097056864
5.80889444335157	0.534328554704799	0.343871383765387	-1.09760687301301	-0.246481280252128	-1.08158832910775	0.00381725349799169	0.00310162278944946	0.467016278738193	0.547259774402948	-0.347688637263376	1.09450525022356	-0.220534998486065
5.82688596722918	0.514529177281271	0.339086352296049	-1.1023819112673	-0.285360252118949	-1.08141746843574	0.0122195153077164	0.0158969942765325	0.467012469246848	0.566888291154465	-0.351305867603763	1.08648491699076	-0.1816522171279
5.84469336104425	0.494865111704327	0.333663048652973	-1.10520872164499	-0.323564561615509	-1.08102151168885	0.0205357920666434	0.0285898626442705	0.467016340450062	0.586156399984522	-0.354198840719614	1.07661885900072	-0.143451778834553
5.86243225800932	0.475243139795247	0.327587565942242	-1.10620458595815	-0.361144821489142	-1.08040200849491	0.0288202082139814	0.0412832720825333	0.467025899919924	0.605158868699659	-0.356407774156221	1.06492131387562	-0.105881078430782
5.88023428633768	0.455549439230356	0.320825390035108	-1.10546075912063	-0.398185876665568	-1.07955339653612	0.0371343172638814	0.0540926104756454	0.467038363727155	0.624003957305762	-0.357959707298987	1.05136814864499	-0.0688524870615869
5.89824360920498	0.435655261607187	0.313320454390391	-1.10303900548367	-0.434786470232286	-1.07846213372215	0.0455454743728314	0.0671449448944751	0.467049938500266	0.64280687211496	-0.35886592876322	1.03589406058919	-0.0322634682679793
5.91661931822153	0.415416319749956	0.304992391088111	-1.09897141548102	-0.471049849982526	-1.07710540577359	0.0541279324512116	0.0805828851404111	0.467055390652959	0.66168908602363	-0.359120323539321	1.0183885303406	0.00399445932956721
5.93554256309829	0.394667213590428	0.295731030423279	-1.09326058381903	-0.507081068415464	-1.07544889652301	0.0629661316960817	0.0945725340790219	0.467047315059076	0.680781682932579	-0.358697162119359	0.998688049740006	0.0400337533563882
5.95522896048602	0.373210623760597	0.285386709268536	-1.08587847877176	-0.542988687767237	-1.07344295254301	0.0721604211680445	0.109316543058306	0.467014908667139	0.700232328782411	-0.357547130436578	0.976561935713451	0.0759737791000987
5.97568855734144	0.351079521450755	0.273904564162001	-1.07688465986548	-0.578452052452761	-1.07104847021903	0.081714834274517	0.124875700286984	0.466943043706532	0.719968948768265	-0.355619398436516	0.952008959578494	0.111509008746229
5.99623870920303	0.329048291947089	0.261661354991689	-1.06675108590225	-0.61204579494955	-1.06832029724406	0.091309580208595	0.140778293872748	0.466816561451819	0.739272005296966	-0.352970935200282	0.925972792029506	0.145229233497731
6.01654891998389	0.307488719890908	0.248903815590982	-1.05590964202214	-0.643161514367448	-1.06529993682293	0.100789109738619	0.156797604499718	0.466620789132742	0.757811216932014	-0.349692925329599	0.899112037522425	0.176540725234706
6.03651329414972	0.286517734458731	0.235768463592067	-1.04469585566958	-0.671669579032292	-1.06201078336616	0.110102559561924	0.17286772150604	0.466340845185104	0.77549304890742	-0.345871023153989	0.871828134163534	0.205328733847187
6.05614732724388	0.266116328662213	0.222315610315497	-1.03335349699115	-0.697667810872939	-1.05845987552367	0.119255509510481	0.189013756973037	0.465960546060951	0.792343546861456	-0.341571119825976	0.844339740018108	0.231707264811988
6.07552269475026	0.246203981720356	0.208559108952072	-1.0220596380241	-0.721335162202359	-1.05464157675692	0.128279448810051	0.20530683442107	0.465461337231796	0.808437595036558	-0.336838557762121	0.816752803603025	0.255873824970564
6.09473127458146	0.226679083984995	0.194487240440057	-1.01094977405171	-0.742858836962261	-1.05054098185357	0.137214871504123	0.221838689717427	0.464821346066373	0.82386189786857	-0.331702111944178	0.789111084334281	0.278037490895888
6.11386714670405	0.207438625244994	0.18007590386426	-1.00013680310805	-0.762403052189468	-1.04613642915452	0.146102748821547	0.23870859894564	0.464014513019036	0.838697803909523	-0.326178652685805	0.761428204162414	0.298388539170433
6.13301840523035	0.188386664984306	0.165296544742019	-0.989723726426524	-0.780098626612826	-1.04140117533609	0.154980564552963	0.256017160460664	0.463009733386885	0.853014510351781	-0.32027710929498	0.733706565965858	0.31708889322594
6.15226385772137	0.169437258687572	0.150120914307696	-0.979811579968977	-0.796041918328403	-1.0363044817299	0.163880610235208	0.273863516274659	0.461769961957905	0.866867223042323	-0.314001524542903	0.705948063694317	0.334271956370498
6.17167189258738	0.150514927536783	0.134524111213145	-0.970504080121974	-0.810297391588395	-1.03081236799083	0.172829267559556	0.292344036162696	0.460251264306232	0.880297440454045	-0.3073533787727	0.678160043959277	0.350046127282162
6.19130009122737	0.131554260423865	0.118486819859957	-0.961910012033638	-0.822901210947347	-1.024888248317	0.181846612702336	0.31155134211715	0.458401833253324	0.893333987893127	-0.30033343256229	0.650358669916488	0.364499377694022
6.21119487644906	0.112499428215267	0.101997284072567	-0.95414393758447	-0.833864838718147	-1.01849362492969	0.190946015143648	0.331573022333825	0.456161028293915	0.905994196714417	-0.292943299216213	0.622570915250645	0.377703810424233
6.23139088068443	0.0933039652630855	0.0850532998191096	-0.947325458475381	-0.843178377966916	-1.01158898182731	0.200133592788113	0.352489643595464	0.453458542036125	0.918285016564213	-0.285186892607221	0.594835814879916	0.389719835930791
6.2519099482399	0.0739309439991295	0.0676643236313559	-0.941577047804958	-0.850813762803103	-1.00413499273582	0.209407501596513	0.374371836042895	0.450213850573099	0.930204048736683	-0.277071825227867	0.567205211762061	0.400599912230004
6.27275984745244	0.0543535283402945	0.0498536345479867	-0.937020357278153	-0.856728052180867	-0.996094118967051	0.218757124182409	0.397276373168483	0.446336157887956	0.94174059062675	-0.268610758730393	0.539743984109668	0.410391894292911
6.29393290724076	0.0345557841947586	0.0316603362180772	-0.933770924076697	-0.860867119930865	-0.987432612712655	0.228162297855906	0.421241353617988	0.441725082745359	0.95287682851789	-0.259822634073981	0.512529570458708	0.419142037185506
6.31540491993059	0.0145335273206048	0.0131408444712663	-0.931931356053498	-0.86316997834135	-0.97812284981773	0.237592790435629	0.446280834413574	0.436272334847036	0.963589322497119	-0.250733634906893	0.485650521639923	0.426897643494314
6.3259	0.00475565238026198	0.00407832948494431	-0.931572246467703	-0.863606647774675	-0.973373909791079	0.242156425790447	0.458791966759368	0.433293431225457	0.968618257410811	-0.24623475527539	0.472780279708333	0.430313216549218
