0	10	5
0.00378134508994921	9.86604301770883	5.13283096984939
0.00741805289004191	9.73427428385608	5.26136508406871
0.0110128237261426	9.6013312050339	5.38901504072768
0.014630644780174	9.46497352687794	5.51792211004603
0.0183170501195765	9.32354227548549	5.64955228182554
0.0221076042501308	9.1756705517628	5.78500441033379
0.0260329741375623	9.02012736356293	5.92516949741202
0.0301212112045569	8.85575455968621	6.07079181227484
0.0343974090265775	8.68150482809614	6.2224350640051
0.0388797784839316	8.49663173244521	6.38032174061454
0.043570542722338	8.30110876466271	6.54400071091973
0.0484418589738812	8.09627393907516	6.71187785526516
0.0534242860308572	7.88536847437204	6.88090828953052
0.058413003800568	7.67328182428302	7.04697413446287
0.0632965606896479	7.46526341706534	7.2060195632489
0.0677508338548547	7.27558357812219	7.34769367988595
0.0720638245270339	7.09230065335161	7.48150413311441
0.0761905961095371	6.9175667198561	7.60619318577797
0.0801187802678994	6.75205893335632	7.72164706361638
0.0838554635111054	6.59555973480036	7.82838495405924
0.0874173317157973	6.44740125474737	7.92719836757252
0.0908244734766636	6.30674802926164	8.01893849325845
0.0940969827211078	6.17275356912883	8.10440895550104
0.0972533505644394	6.04463548434464	8.18432190137118
0.100309876553084	5.92170389893684	8.25928779094955
0.103280606689087	5.80336558073166	8.32982106226719
0.106177513159365	5.68911682783456	8.39635196640971
0.109010762593512	5.57853214277534	8.45923972540804
0.111788996428258	5.47125221366327	8.51878483497839
0.114519589035999	5.36697279264365	8.57523970864162
0.117208871168647	5.26543505718869	8.62881752007416
0.119862316973522	5.1664175479926	8.67969938669325
0.122484697580077	5.06972955892783	8.72804013698344
0.12508020594844	4.97520577595731	8.77397291623191
0.127652557889313	4.88270195077787	8.81761286086765
0.130205073737997	4.79209141334481	8.85906003530275
0.132740744513149	4.70326225611189	8.8984017884222
0.135262285714422	4.61611505264741	8.93571465426995
0.137772181299816	4.53056100030711	8.97106589437497
0.140272719862801	4.44652039952693	9.00451475743003
0.142766024603483	4.36392140095501	9.03611351498323
0.14525407834771	4.28269896650832	9.06590831859076
0.147738744599668	4.20279400212132	9.09393991371747
0.150221785403801	4.12415262905846	9.12024423788025
0.152704876628693	4.04672556772759	9.14485292455884
0.155189621158822	3.97046761340566	9.16779372981533
0.157677560381714	3.89533718753323	9.18909089503487
0.160170184281501	3.82129595153242	9.20876545647048
0.162668940390253	3.74830847267477	9.22683551015215
0.165175241801826	3.67634193353918	9.24331643906074
0.16769047441644	3.60536587818476	9.25822110815906
0.170216003555383	3.53535198941697	9.27156003183645
0.1727531800626	3.46627389252295	9.28334151749492
0.175303345991945	3.39810698165018	9.29357178833849
0.177867839964708	3.33082826564522	9.30225508788711
0.180448002270811	3.26441623068978	9.3093937682943
0.183045179778253	3.19885071749494	9.31498836418336
0.185660730708498	3.13411281116206	9.31903765341317
0.188296029330249	3.07018474210419	9.32153870593012
0.190952470620071	3.00704979665934	9.32248692164552
0.193631474935539	2.94469223622354	9.32187605809202
0.19633449274475	2.88309722389695	9.31969824845034
0.199063009455102	2.82225075777499	9.31594401039442
0.201818550384048	2.76213961013372	9.31060224607479
0.204602685915188	2.70275127185867	9.30366023344284
0.207417036884317	2.64407390155156	9.29510360900977
0.21026328024211	2.58609627882282	9.28491634203125
0.213143155042865	2.52880776134171	9.27308070000934
0.216058468812214	2.47219824527165	9.25957720530621
0.219011104351012	2.41625812876787	9.24438458256653
0.222003027037748	2.36097827825893	9.22747969654746
0.225036292697853	2.30634999727468	9.20883747985371
0.228113056115358	2.25236499762112	9.18843084997089
0.231235580270437	2.19901537273965	9.16623061488125
0.234406246395743	2.14629357312488	9.14220536643223
0.237627564954976	2.09419238371294	9.11632136050949
0.240902187659181	2.04270490319282	9.08854238294339
0.244232920649632	1.99182452523851	9.05882959995273
0.247622738991174	1.94154492171156	9.02714139180491
0.251074802636254	1.89186002794541	8.99343316825328
0.254592474037657	1.8427640302975	8.95765716420833
0.258179337606729	1.79425135624848	8.91976221402252
0.261839221233082	1.74631666744443	8.87969350273843
0.265576220100368	1.69895485622786	8.83739229269577
0.269394723049025	1.65216104639544	8.79279562405681
0.273299441748224	1.60593059917093	8.74583598815589
0.27729544294136	1.56025912570854	8.69644097319729
0.281388184015929	1.51514250787202	8.64453288285238
0.285583552109599	1.47057692960138	8.59002832993585
0.289887906884911	1.42655892193004	8.53283780985548
0.294308126962929	1.38308542570979	8.47286526234191
0.298851659767979	1.34015387742149	8.41000763566868
0.303526574151729	1.29776232519971	8.34415447602537
0.308341614562176	1.25590958451159	8.27518757713563
0.313306254594663	1.21459544596522	8.20298074335693
0.318430746353739	1.1738209516592	8.12739974579043
0.323726159948394	1.13358876149474	8.04830258867703
0.32920440434039	1.093903637044	7.96554025688982
0.33487821627714	1.05477307776426	7.87895818992458
0.340761097706245	1.01620815189337	7.78839882899017
0.346867173443763	0.978224570495846	7.69370571544319
0.353210929767031	0.940844054039827	7.5947297783129
0.359806781640792	0.904096029247233	7.49133861738842
0.366668403923599	0.868019657080529	7.38342971430767
0.373807756153448	0.832666111299256	7.27094847583418
0.381233743050896	0.798100877306654	7.15391163224331
0.388950502008631	0.764405606524166	7.03243549295987
0.396955415304031	0.731678762115428	6.90676662163617
0.405237116172456	0.700034030487494	6.77730964218528
0.413773959487962	0.669595469454068	6.64464388956525
0.422533557071392	0.640488895288712	6.50951930681644
0.431473888236134	0.612830182809124	6.37282466589352
0.440546107046021	0.586712603939956	6.23552868828634
0.449698594091404	0.562196237357372	6.09860435921943
0.458881342501403	0.539302119922334	5.96295335454212
0.468049694323633	0.518012247843779	5.8293469846229
0.477166769315794	0.498274657084573	5.69839305945708
0.486204425616883	0.480011586779384	5.5705290826942
0.495142997734661	0.463128520987719	5.44603563723783
0.503970245670293	0.447522440272635	5.32506142993808
0.512679943431146	0.433088397292972	5.20765235374736
0.521270426247426	0.419724194011699	5.09377931625296
0.529743285620503	0.407333346365741	4.98336204680091
0.538102294982802	0.395826697554345	4.87628794396368
0.546352579167544	0.385123063868684	4.77242613994268
0.55450000363218	0.375149243856759	4.67163748766187
0.562550744492767	0.365839644152748	4.57378132991368
0.570510998572367	0.357135700800328	4.47871986296558
0.578386797145626	0.348985214247451	4.3863207758131
0.586183893787246	0.341341671319867	4.29645869659558
0.593907703539287	0.334163596402476	4.20901584113679
0.601563276542057	0.327413953628249	4.12388214665361
0.609155294036477	0.32105960907524	4.04095508763575
0.616688078280499	0.315070854361534	3.96013930753636
0.624165610598529	0.30942098880208	3.8813461546907
0.631591553701516	0.304085955192008	3.80449317938737
0.638969275761761	0.299044023466195	3.72950362753573
0.646301874654037	0.29427551640931	3.6563059519985
0.653592201402623	0.289762571911766	3.58483335322315
0.660842882291706	0.285488936776184	3.51502335474439
0.668056339369173	0.28143978765354	3.44681741533939
0.675234809247337	0.277601575259469	3.38016057733108
0.682380360211083	0.273961888553813	3.31500114923185
0.689494907706656	0.270509336044629	3.25129042024643
0.696580228318248	0.267233441797019	3.18898240387505
0.70363797235496	0.264124554088983	3.12803360782007
0.710669675174668	0.261173764965756	3.06840282750212
0.717676767368331	0.258372839206657	3.01005096066934
0.724660583921395	0.255714151440528	2.95294084079627
0.731622372460051	0.25319063033324	2.8970370871917
0.738563300680501	0.250795708928664	2.84230596995312
0.745484463049678	0.248523280357697	2.78871528811093
0.752386886856653	0.246367658242275	2.73623425949467
0.759271537685299	0.244323541216191	2.68483342102426
0.766139324370936	0.242385981064868	2.63448453828181
0.772991103496563	0.240550354054269	2.58516052335512
0.77982768347793	0.238812335077	2.5368353600635
0.78664982828106	0.237167874292874	2.48948403578156
0.793458260810838	0.23561317598325	2.44308247916902
0.800253666004871	0.23414467937442	2.3976075031951
0.807036693662946	0.232759041216146	2.35303675291731
0.813807961039009	0.231453119927972	2.30934865753596
0.820568055219558	0.230223961148789	2.26652238630042
0.827317535309732	0.229068784544862	2.22453780789057
0.83405693444605	0.227984971748633	2.1833754529387
0.840786761652688	0.226970055315457	2.14301647939388
0.847507503556425	0.226021708598317	2.10344264046299
0.854219625973756	0.225137736451855	2.06463625489117
0.860923575382311	0.224316066686855	2.02658017936939
0.867619780287453	0.223554742204967	1.98925778287893
0.874308652493863	0.222851913750989	1.95265292280228
0.880990588290917	0.222205833226699	1.91674992264725
0.887665969559845	0.221614847516074	1.88153355124628
0.894335164809873	0.221077392776911	1.84698900330676
0.900998530149869	0.220591989158434	1.81310188120035
0.907656410201452	0.220157235908551	1.77985817788987
0.914309138958946	0.219771806837988	1.7472442609022
0.920957040601101	0.219434446111766	1.7152468572641
0.927600430259107	0.219143964341327	1.68385303932568
0.934239614744993	0.218899234953154	1.65305021140305
0.940874893244226	0.218699190812023	1.62282609717785
0.947506557975983	0.218542821079067	1.5931687277971
0.954134894824319	0.218429168286642	1.56406643062165
0.960760183943216	0.218357325613656	1.53550781857589
0.967382700338279	0.218326434346485	1.50748178005593
0.97400271442765	0.218335681511942	1.4799774693564
0.980620492584563	0.218384297669967	1.4529842975801
0.987236297663788	0.218471554854808	1.42649192399703
0.993850389514092	0.218596764654426	1.40049024782266
1.00046302547873	0.218759276418786	1.3749694003872
1.00707446088587	0.218958475588483	1.34991973767043
1.01368494953073	0.219193782135911	1.32533183317809
1.02029474415126	0.219464649111855	1.30119647113829
1.02690409689887	0.219770561291005	1.27750463999756
1.03351325980598	0.22011103391046	1.25424752619808
1.04012248525182	0.220485611495805	1.23141650821875
1.04673202642808	0.220893866769834	1.20900315086437
1.05334213780576	0.221335399639419	1.18699919978795
1.05995307560487	0.221809836256448	1.16539657623273
1.06656509826818	0.222316828149114	1.1441873719811
1.07317846694063	0.222856051420213	1.12336384449861
1.07979344595564	0.22342720600941	1.1029184122624
1.08641030332983	0.224030015016761	1.08284365026356
1.09302931126757	0.224664224085039	1.06313228567426
1.09965074667657	0.22532960083872	1.04377719367073
1.10627489169624	0.226025934377694	1.02477139340392
1.11290203423998	0.226753034824057	1.00610804411033
1.11953246855298	0.227510732920512	0.987780441355743
1.12616649578702	0.228298879679201	0.96978201340543
1.13281059243566	0.229118120516988	0.952090048795886
1.13949146528061	0.229971860313472	0.934630822898712
1.14622621867854	0.230862701439333	0.91736022642049
1.15302615322259	0.231792756664332	0.900251835881611
1.15989904384574	0.232763847576049	0.883289878625492
1.16685052461049	0.233777632336166	0.86646503080332
1.17388493798808	0.234835689015523	0.849771887597212
1.18100585895411	0.235939570717293	0.833207432923833
1.1882164200302	0.237090842707347	0.816770111182345
1.19551951389179	0.238291108077387	0.800459263380117
1.20291792046879	0.239542026141157	0.784274784426735
1.21041438742758	0.240845326281546	0.768216914901729
1.21801168187577	0.242202819014597	0.752286114668518
1.22571262433109	0.24361640542351	0.736482986337118
1.233520111797	0.245088085720748	0.720808229105323
1.24143713418976	0.246619967442349	0.705262611127212
1.24946678675301	0.248214273615705	0.689846953195938
1.257612280098	0.249873351138416	0.674562119352646
1.265876948889	0.251599679540573	0.659409011754227
1.2742642598091	0.253395880262416	0.644388568181233
1.28277781920199	0.255264726555171	0.629501761206393
1.29142138063624	0.257209154099222	0.614749598433953
1.30019885254416	0.259232272427048	0.600133123458071
1.30911430602681	0.261337377236144	0.585653417334212
1.31817198287712	0.263527963677842	0.571311600447106
1.32737630384456	0.265807740710602	0.557108834714473
1.33673187714374	0.268180646610134	0.543046326100814
1.34624350719065	0.270650865733092	0.529125327438329
1.35591620353223	0.273222846635665	0.515347141567478
1.3657551899156	0.275901321652581	0.501713124820894
1.37576591342144	0.278691328045449	0.488224690883163
1.38595405355916	0.281598230831342	0.474883315066543
1.3963255311898	0.284627747402285	0.461690539049729
1.40688651710296	0.287785974042955	0.448647976133623
1.41764344002606	0.291079414446132	0.435757317075011
1.42860299378442	0.294515010311617	0.423020336566086
1.4397721432577	0.298100174092499	0.410438900434865
1.45115812868897	0.301842823919925	0.398014973648433
1.46276846779324	0.305751420690759	0.385750629207295
1.47461095497962	0.309835007237172	0.373648058024222
1.48669365684094	0.314103249408057	0.361709579883961
1.49902490287165	0.318566478772404	0.349937655579651
1.51161327014514	0.323235736496361	0.338334900315868
1.52446756041063	0.328122817738681	0.326904098454288
1.53759676775377	0.333240315642279	0.315648219652348
1.5510100346041	0.338601663659542	0.304570436403306
1.5647165934677	0.344221174521896	0.293674142921326
1.57872569132547	0.350114073635826	0.282962975219613
1.59304649318443	0.356296524046084	0.272440832093073
1.60768796083605	0.36278563934551	0.262111896527334
1.62265870251597	0.369599480033171	0.251980656799432
1.6379667889573	0.376757027849916	0.242051926197655
1.65361953140434	0.384278131602283	0.232330859856085
1.6696232176663	0.392183417012444	0.222822966665724
1.68598280345073	0.400494152350205	0.213534113593024
1.70270155826719	0.409232061229858	0.20447051903246
1.71978066839445	0.418419074285663	0.195638731099322
1.73721880398188	0.428077012842738	0.187045586133862
1.75501166341089	0.438227200581741	0.17869814229656
1.77315151543839	0.448890003926353	0.170603583204267
1.79162676786066	0.460084308670863	0.162769087350636
1.81042159943958	0.471826949086422	0.155201660836075
1.82951569803367	0.484132115753916	0.147907933889592
1.84888415024896	0.497010778372653	0.140893925798406
1.86849752438724	0.510470167861957	0.134164787869681
1.88832217750487	0.524513365927502	0.127724539258675
1.90832079880301	0.539139047826464	0.121575814899089
1.92845317705309	0.554341414191398	0.115719647208082
1.94867715301205	0.570110330911212	0.110155302732753
1.968949693824	0.586431674517976	0.104880191025427
1.98922801028265	0.60328785806328	0.0998898561461335
2.00947063306228	0.620658493361521	0.0951780524478201
2.02963837149045	0.638521133273477	0.0907368973541443
2.04969509613366	0.656852034219719	0.0865570863575985
2.06960831027361	0.675626884068088	0.0826281506598687
2.08934950037016	0.69482145188793	0.0789387362295776
2.10889427754431	0.714412130816881	0.0754768843112781
2.12822233819525	0.734376360431701	0.0722302968066932
2.14731728109451	0.754692928214248	0.0691865744729829
2.16616632117568	0.775342159610366	0.066333420615471
2.18475993818733	0.796306012407649	0.0636588072044453
2.2030914931562	0.817568094036187	0.0611511037236003
2.22115683886429	0.839113620651132	0.05879917143238
2.23895394355748	0.860929335335156	0.0565924271560242
2.25648254071997	0.883003400242509	0.0545208813715994
2.2737438124161	0.905325274609787	0.0525751554392562
2.29074010956437	0.927885587706748	0.0507464825306336
2.30747470951807	0.950676013246944	0.0490266962934653
2.32395160932407	0.973689149641847	0.0474082106851452
2.34017535181794	0.996918408790927	0.0458839937915506
2.35615088109231	1.02035791482471	0.0444475378718416
2.3719666373697	1.04412895846019	0.0430858186364467
2.38768485349088	1.06832437951924	0.0417895724802086
2.40334391181374	1.09300792084726	0.0405524909670286
2.41896753177612	1.11822510174275	0.0393700417921221
2.43457035472374	1.14400998857062	0.0382387801924289
2.45016138127835	1.17038946583458	0.0371559415423333
2.46574610352447	1.19738595364602	0.036119198148683
2.48132783372238	1.22501914663147	0.0351265130814977
2.4969085343252	1.25330713115231	0.0341760517862504
2.51248933688095	1.28226710540598	0.0332661282670975
2.52807086625448	1.31191584501559	0.0323951720154434
2.54365344283516	1.34227000520131	0.0315617074116145
2.55923720823363	1.37334631794198	0.030764340637832
2.574822203019	1.40516172166713	0.0300017511231072
2.59040841443047	1.43773344764413	0.0292726857311129
2.60599580533275	1.47107907862903	0.0285759546179594
2.62158433149542	1.50521658981789	0.0279104281175476
2.63717395164148	1.54016437857099	0.0272750342713128
2.65276463305258	1.57594128708485	0.0266687567749593
2.66835635447526	1.61256662070611	0.0260906332083362
2.68394910741689	1.65006016362621	0.0255397534706739
2.69954289650787	1.68844219308085	0.0250152583769585
2.71513773934814	1.72773349278182	0.0245163383912532
2.73073366609401	1.76795536605435	0.0240422324847409
2.7463307189406	1.8091296489896	0.0235922271134218
2.76192895159199	1.85127872381793	0.0231656553147295
2.77752842877259	1.89442553264222	0.0227618959250246
2.7931292258096	1.93859359162911	0.0223803729216876
2.80873142830191	1.98380700573098	0.0220205548948085
2.8243351318828	2.0300904839961	0.0216819546545068
2.83994044207864	2.07746935551694	0.0213641289808754
2.85554747426388	2.12596958606263	0.021066678524532
2.87115635371106	2.17561779544175	0.020789247866831
2.88676721573494	2.22644127564333	0.0205315257499965
2.90238020592973	2.27846800980762	0.0202932454888138
2.91799548049955	2.33172669208318	0.0200741855770892
2.93361320668278	2.38624674843307	0.019874170503898
2.9492335632722	2.44205835846018	0.019693071796709
2.9648567412339	2.49919247833039	0.0195308093108535
2.98048294442931	2.55768086488197	0.0193873527875265
2.99611239044563	2.61755610102078	0.0192627237056354
3.01174531154194	2.67885162251391	0.0191569974563921
3.02738195571927	2.74160174630879	0.019070305873667
3.04302258792497	2.80584170052176	0.0190028401578588
3.05866749140342	2.87160765625952	0.0189548542364976
3.07431696920712	2.93893676145862	0.0189266686111006
3.08997134588477	3.00786717695449	0.0189186747470956
3.10563096936536	3.07843811502028	0.01893134007208
3.12129621306022	3.15068988065073	0.0189652136575079
3.13696747820876	3.22466391590564	0.0190209326703392
3.15264519649703	3.30040284767409	0.0190992296945402
3.16832983298319	3.37795053927459	0.0192009410379632
3.18402188936897	3.45735214636935	0.0193270161584801
3.19972190766245	3.53865417774548	0.0194785283648438
3.21543047428447	3.62190456160282	0.0196566869732406
3.23114822467956	3.70715271809099	0.0198628511306745
3.24687584850182	3.79444963896016	0.0200985455521669
3.26261409545811	3.88384797533406	0.0203654784614532
3.27836378190447	3.97540213478532	0.0206655620759167
3.29412579830798	4.06916838909817	0.021000936037757
3.30990111770615	4.16520499434838	0.0213739942671744
3.32569080531889	4.26357232522487	0.0217874158025631
3.34149602949649	4.36433302587188	0.0222442003010319
3.35731807422096	4.46755217996011	0.0227477090046686
3.37315835341924	4.57329750321613	0.0233017121398099
3.38901842739692	4.6816395622748	0.0239104439158163
3.40490002176253	4.79265202449748	0.0245786665364041
3.42080504928783	4.90641194435528	0.0253117449433281
3.43673563524282	5.02300009315871	0.0261157343960571
3.4526941468599	5.14250134038198	0.0269974834743255
3.46868322772624	5.26500509666065	0.0279647557027944
3.4847058380852	5.39060583083701	0.0290263737783201
3.50076530225712	5.51940367632249	0.0301923913844271
3.51686536468196	5.65150514571771	0.0314742988781098
3.53301025646017	5.78702397731458	0.0328852708325513
3.54920477475016	5.92608214311524	0.0344404656571144
3.56545437800636	6.06881105576362	0.0361573904920847
3.5817653008596	6.2153530218661	0.0380563485735677
3.59814469351832	6.36586300234931	0.0401609916920881
3.61460079199626	6.52051075780448	0.0424990078227889
3.63114312737683	6.6794834795947	0.0451029843667057
3.64778278487928	6.8429890377039	0.0480115020317405
3.66453272693258	7.01126001626219	0.0512705352050914
3.68140819910057	7.18455876027359	0.0549352648184352
3.69842724392183	7.36318372529923	0.0590724540151498
3.7156113559429	7.54747750749286	0.0637636030412083
3.73298632168081	7.73783703109194	0.0691091999151715
3.75058330043132	7.93472646515386	0.075234537185864
3.76844021274196	8.1386934680638	0.082297803629667
3.78660350271821	8.35038913565614	0.0905015308576946
3.80513029720489	8.57059105565224	0.100109043849808
3.82409081008956	8.80022577703858	0.111468387977893
3.84357027971543	9.04037803120212	0.125047183203859
3.86366807031457	9.29224896846832	0.141482107998695
3.88448693685288	9.55695825474442	0.161642255837277
3.90609395319255	9.83492289709607	0.186682198289753
3.92841580888589	10.1242943873364	0.217983211815531
3.9510500158347	10.4182519263192	0.256750826694553
3.97165091536335	10.6842372103711	0.299745950406517
3.98868221181646	10.9012698311545	0.342135393623253
4.00392080528819	11.0918594011416	0.386341540119596
4.01735872150205	11.2559396531897	0.431089784322211
4.02925769418124	11.3971596174355	0.475904180004538
4.03991136796762	11.5195864871578	0.520712559854837
4.04956764079986	11.6266399979005	0.565597457696354
4.05888208319029	11.7258005339826	0.613147686706458
4.06722500873568	11.8106886139864	0.659638759676874
4.07526535377585	11.8885343547066	0.708242514382525
4.08254906711755	11.955301467245	0.755762073676689
4.08960003521167	12.0161860362597	0.805162656936302
4.0963717251085	12.0708531465206	0.855981252309255
4.10284917088731	12.1193426031036	0.907896486954113
4.10903618084646	12.1618973213301	0.960694637368127
4.11494675219734	12.1988536014539	1.01423985648451
4.12059966710319	12.230576190445	1.06845046492005
4.12601527853306	12.2574227945527	1.12328121608424
4.13121371310514	12.2797266743117	1.17871061188737
4.13621394886721	12.2977897103084	1.2347321400417
4.14103341123886	12.3118811693014	1.29134839451286
4.14568786233214	12.3222393273006	1.34856723599134
4.15019144679895	12.3290743297626	1.40639935454694
4.15455681346369	12.3325714108971	1.46485677341521
4.15879526671325	12.3328940272806	1.52395197116764
4.16291692255498	12.3301867049472	1.58369740178646
4.1669308565812	12.324577530861	1.64410526504523
4.17084523814269	12.3161802867572	1.70518743018245
4.17466744894001	12.3050962542752	1.76695545026143
4.17840418628974	12.2914157317834	1.82942062762123
4.18206155230288	12.2752193048146	1.8925941059819
4.18564513059461	12.2565789089048	1.95648697460931
4.18916005220766	12.2355587186848	2.02111037623779
4.19261105233497	12.2122158917828	2.08647561440661
4.19600251926241	12.186601191134	2.15259425830855
4.19933853676704	12.1587595049334	2.21947824472114
4.20262292102727	12.1287302797743	2.28713997745554
4.20585925293912	12.0965478794391	2.35559242524929
4.20905090659165	12.0622418792803	2.42484921929938
4.21220107453567	12.0258373040418	2.49492475177903
4.21531279038069	11.9873548152547	2.56583427676689
4.21838894917361	11.9468108529005	2.63759401508011
4.22143232594681	11.9042177348175	2.71022126456811
4.22444559277061	11.8595837162691	2.7837345175077
4.227431334603	11.8129130111483	2.8581535868546
4.23039206419774	11.7642057754251	2.93349974326002
4.23333023630765	11.7134580526096	3.00979586496171
4.23624826140354	11.6606616801778	3.0870666029167
4.23914851911896	11.605804155051	3.16533856386697
4.24203337162729	11.5488684553019	3.24464051443263
4.2449051771602	11.4898328142468	3.32500360982556
4.24776630388528	11.4286704419302	3.40646165139012
4.2506191443764	11.3653491876667	3.48905137793087
4.25346613093403	11.2998311357217	3.5728127967136
4.25630975204529	11.2320721243073	3.65778956116467
4.2591525703168	11.1620211757602	3.74402940369742
4.26199724227027	11.0896198229313	3.83158463382709
4.26484654046335	11.0148013133132	3.92051271388043
4.26770337849198	10.9374896680704	4.01087692726423
4.27057083954924	10.8575985676735	4.10274715755718
4.27345220936816	10.7750300289823	4.19620080078475
4.27635101456884	10.6896728299659	4.29132383831137
4.27927106767716	10.60140062733	4.38821210404038
4.28221652039363	10.510069698561	4.48697278725098
4.28519192708539	10.4155162226404	4.58772622156025
4.28820232096337	10.3175529923237	4.69060802111988
4.29125330600349	10.2159654250388	4.79577163669741
4.2943511683648	10.1105067096405	4.90339141511558
4.29750301179415	10.000891895096	5.01366625163021
4.30071692212011	9.88679070240306	5.12682391719408
4.30400216600535	9.76781884183413	5.24312610156057
4.30736942765953	9.64352768868681	5.3628740968298
4.31083108196841	9.51339241310597	5.48641476502327
4.31440148846578	9.37679929785918	5.61414579835761
4.31809725677653	9.23303450464049	5.74651789442589
4.32193735708453	9.08128001801404	5.88402851547494
4.32594278145647	8.92063003254288	6.02719582109032
4.33013512195897	8.75015632996901	6.17648969880974
4.33453284244813	8.56907778036187	6.33217808210984
4.33914339287393	8.37711793359808	6.49403111374991
4.34395004836249	8.17510356222105	6.66086557350026
4.34889768849994	7.96561955741639	6.83011377534358
4.35389105083024	7.75311116240999	6.9979068740259
4.35881668643301	7.54290851849417	7.15999947046078
4.36357680541882	7.33968086588082	7.31300642487673
4.3678621364351	7.15700972298348	7.44737920970485
4.37200029377202	6.98116093133915	7.57385606537992
4.37596023745338	6.81363787126561	7.69166256570603
4.37973713658175	6.65475322850757	7.80091793080818
4.38334077950236	6.50414623952788	7.90219802315372
4.38678764627635	6.36114143302629	7.99625321801226
4.39009619560631	6.22496391672019	8.08385139756601
4.39328438515607	6.09485364696758	8.1657027364113
4.39636855168727	5.97011773533315	8.24243139125383
4.3993630439506	5.85014828108786	8.31457136873234
4.40228023584051	5.73442270337526	8.38257340479019
4.4051307088187	5.62249622039949	8.44681584235393
4.40792349169135	5.51399160344112	8.50761606364252
4.41066630256629	5.40858873877806	8.56524096631156
4.41336576869398	5.3060151173572	8.61991595901131
4.41602761589207	5.20603764004253	8.67183242140152
4.41865682703046	5.10845577054369	8.72115377336071
4.42125777245172	5.01309591272371	8.76802036359843
4.42383431635932	4.91980683585181	8.81255339086501
4.42638990328347	4.82845596741325	8.85485804814063
4.42892762834283	4.7389263903835	8.89502604953003
4.43145029447085	4.6511144062795	8.93313766929876
4.43396045921691	4.5649275500698	8.96926339584052
4.43646047322972	4.48028296527625	9.00346528125996
4.43895251210365	4.39710606639772	9.03579804951884
4.44143860291986	4.31532943111881	9.06631001214265
4.44392064653434	4.23489187700876	9.09504382963947
4.44640043644392	4.15573768706457	9.12203714840673
4.44887967488767	4.07781595600057	9.14732313644995
4.45135998670576	4.00108003506754	9.17093093626951
4.45384293137196	3.92548705776272	9.1928860494381
4.45633001353372	3.85099753235757	9.21321066442426
4.45882269232929	3.77757498995478	9.23192393691
4.46132238970094	3.70518567896715	9.24904223004622
4.46383049788402	3.63379829862766	9.26457932067112
4.46634838622006	3.56338376549724	9.27854657639288
4.4688774074181	3.49391500801561	9.29095310754278
4.47141890336846	3.42536678500296	9.30180589728537
4.47397421059822	3.35771552471339	9.31110991259041
4.47654466544529	3.29093918160182	9.3188681982968
4.4791316090184	3.22501710842157	9.3250819561081
4.48173639200287	3.15992994164272	9.32975061003547
4.48436037936617	3.09565949848776	9.33287185953279
4.48700495501296	3.0321886841344	9.33444172133874
4.48967152643593	2.96950140784597	9.33445456084466
4.49236152940679	2.90758250696567	9.3329031136365
4.49507643275049	2.84641767785876	9.32977849770983
4.49781774324503	2.78599341301121	9.32507021672351
4.50058701068998	2.72629694359933	9.31876615453692
4.50338583318747	2.66731618693498	9.31085256116391
4.50621586268149	2.60903969826866	9.30131403017214
4.50907881080346	2.55145662649969	9.29013346745595
4.51197645507573	2.49455667340134	9.27729205121321
4.51491064552805	2.43833005602029	9.26276918285942
4.5178833117874	2.38276747195601	9.2465424285146
4.52089647070685	2.32786006726754	9.22858745059848
4.52395223460605	2.27359940679406	9.20887792896628
4.52705282020346	2.21997744671268	9.18738547091002
4.53020055832936	2.16698650919357	9.16407950923824
4.53339790451872	2.11461925904924	9.13892718752964
4.53664745059459	2.06286868231428	9.11189323153444
4.53995193736529	2.01172806673465	9.08293980557223
4.54331426857336	1.96119098419447	9.05202635264883
4.54673752624981	1.91125127516553	9.01910941689189
4.55022498764471	1.86190303533351	8.98414244679309
4.55378014392369	1.81314060464015	8.94707557765306
4.55740672083883	1.76495855908657	8.90785539157246
4.56110870160189	1.71735170577836	8.86642465334116
4.5648903522054	1.67031508186676	8.82272202068597
4.56875624945076	1.62384395826467	8.77668172759821
4.57271131194959	1.57793384931023	8.72823323995518
4.57676083435831	1.53258052993497	8.67730088348968
4.58091052507918	1.48778006240082	8.6238034455162
4.58516654760038	1.44352883534074	8.56765375393693
4.58953556553482	1.39982361872602	8.50875824027798
4.59402479122341	1.35666163956283	8.44701649836216
4.59864203745121	1.31404068468472	8.38232085744961
4.6033957713219	1.27195923907918	8.31455599933785
4.60829516855503	1.23041667091347	8.24359866452814
4.61335016527815	1.18941347798381	8.16931751527105
4.61857150259168	1.14895161488282	8.09157325604797
4.62397075652315	1.10903492590064	8.01021915875743
4.62956034210549	1.06966971552618	7.92510220551188
4.63535347477219	1.03086549599151	7.8360651521377
4.64136406458835	0.992635958371544	7.74294993516557
4.64760650869194	0.955000217473888	7.64560299519262
4.65409533489913	0.917984375420157	7.5438832594665
4.6608446362781	0.881623424090357	7.43767368047497
4.66786722695706	0.845963445791557	7.32689728104252
4.67517345268269	0.811063951847443	7.21153844819942
4.68276962147044	0.776999998350069	7.09166949113503
4.69065610105574	0.743863437277397	6.96748092658167
4.69882527663351	0.711762363116675	6.83931141973778
4.70725976093069	0.680817673228006	6.70767019100964
4.71593142461823	0.651155947424039	6.57324241014701
4.72480183071196	0.622898782407713	6.43686893240878
4.73382438623344	0.596150142305495	6.29949741702168
4.74294799389846	0.570984529213577	6.16211130051451
4.75212143928998	0.547438973041948	6.02565168174454
4.76129750130345	0.525510681235469	5.8909497576089
4.77043595780134	0.505160295531849	5.75868261725008
4.77950512422403	0.486319122893961	5.62935632459139
4.78848203213385	0.468898094844199	5.50331226664169
4.79735163503669	0.452796508240008	5.38074866470288
4.8061054914073	0.437909344987706	5.26174892865992
4.81474029516848	0.424132711027859	5.14631054951637
4.8232564939877	0.41136745043402	5.03437079767415
4.83165711645139	0.39952125088549	4.92582763854653
4.83994684460189	0.38850962993036	4.82055568178614
4.84813131918159	0.378256160420552	4.7184177201964
4.85621664235963	0.368692220813255	4.61927269378747
4.86420903666593	0.359756477973779	4.52298092941901
4.87211462147692	0.351394243121199	4.42940739747317
4.87993927461352	0.343556790361537	4.33842357843628
4.88768855358204	0.336200690957119	4.24990838753608
4.8953676573499	0.329287192158252	4.1637484827706
4.90298141479594	0.322781653900746	4.07983818518629
4.91053429005138	0.316653047245518	3.9980791681485
4.91803039798532	0.310873513045941	3.91838002030701
4.92547352528853	0.305417976510707	3.84065575039919
4.93286715416358	0.300263812090352	3.76482727690701
4.94021448670832	0.295390552802783	3.69082092864996
4.94751846881449	0.290779638313113	3.61856797119804
4.95478181289541	0.286414196540623	3.54800416673424
4.96200701908046	0.282278854128433	3.47906937040882
4.96919639472204	0.278359571692626	3.41170716341897
4.97635207219074	0.274643500320522	3.34586452140628
4.98347602501223	0.27111885629032	3.28149151587757
4.99057008244313	0.267774811428293	3.2185410459448
4.99763594260479	0.264601396904915	3.15696859756435
5.00467518430148	0.26158941860159	3.09673202751466
5.01168927764885	0.258730382460623	3.03779136950736
5.01867959363271	0.256016428468988	2.98010866003171
5.02564741270982	0.25344027212732	2.92364778175439
5.032593932553	0.250995152424877	2.86837432252015
5.03952027503298	0.248674785483967	2.81425544821042
5.04642749251989	0.246473323157677	2.76125978791463
5.05331657357865	0.244385315966357	2.70935733004713
5.06018844812377	0.242405679844213	2.6585193282035
5.06704399209229	0.240529666240112	2.60871821569253
5.07388403168643	0.238752835178481	2.5599275278064
5.08070934723182	0.237071030938682	2.51212183100233
5.08752067669181	0.235480360056067	2.46527665826691
5.09431871887392	0.233977171386192	2.41936845001932
5.10110413636014	0.232558038006451	2.3743744999847
5.10787755818931	0.231219740757586	2.33027290553458
5.11463958231676	0.229959253251768	2.28704252204836
5.12139077787339	0.228773728194888	2.24466292090046
5.1281316872441	0.227660484888783	2.20311435072175
5.1348628279832	0.226616997794868	2.16237770162244
5.14158469458271	0.225640886054242	2.12243447209799
5.14829776010754	0.224729903871278	2.08326673836927
5.15500247771028	0.223881931678051	2.04485712593472
5.16169928203707	0.22309496800607	2.0071887831356
5.16838859053446	0.222367121999715	1.97024535655581
5.17507080466681	0.221696606512821	1.93401096809631
5.18174631105229	0.22108173173597	1.89847019357998
5.18841548252506	0.220520899307521	1.86360804275723
5.19507867913039	0.220012596866204	1.82940994059556
5.20173624905894	0.219555393007348	1.7958617097472
5.20838852952574	0.219147932608607	1.76294955409966
5.21503584759902	0.218788932494404	1.73066004332241
5.22167852098349	0.218477177411276	1.69898009833144
5.2283168587624	0.218211516289011	1.66789697760045
5.23495116210232	0.217990858764808	1.63739826425406
5.24158172492408	0.217814171949853	1.6074718538839
5.24820883454337	0.2176804774196	1.57810594303419
5.25483277228401	0.217588848410771	1.54928901830756
5.26145381406667	0.217538407209624	1.52100984604662
5.26807223097576	0.217528322717432	1.49325746255005
5.27468828980694	0.217557808180389	1.46602116478609
5.28130225359757	0.217626119072249	1.43929050156878
5.28791438214223	0.217732551119095	1.41305526516564
5.29452493249538	0.217876438456496	1.38730548330766
5.30113415946316	0.218057151910223	1.36203141157519
5.3077423160861	0.21827409739241	1.33722352613503
5.3143496541144	0.218526714405788	1.31287251680619
5.32095642447778	0.218814474649241	1.28896928043362
5.32756287775113	0.219136880718515	1.26550491455043
5.33416926461782	0.219493464896474	1.24247071131112
5.34077583633201	0.219883788027764	1.21985815167909
5.34738284518159	0.220307438473218	1.19765889985351
5.35399054495303	0.220764031139747	1.17586479792122
5.36059919139972	0.221253206581857	1.1544678607207
5.36720904271514	0.221774630171289	1.13346027090598
5.37382036001224	0.222327991331611	1.11283437419923
5.38043340781045	0.22291300283492	1.0925826748215
5.38704845453171	0.223529400158082	1.07269783109201
5.39366577300695	0.224176940896229	1.0531726511868
5.40028564099425	0.224855404231495	1.03400008904844
5.4069083417104	0.225564590455207	1.01517324043885
5.41353416437701	0.226304320541984	0.996685339128035
5.42016340478273	0.227074435774427	0.978529753211809
5.42679636586312	0.227874797417295	0.9606999815523
5.43345450563277	0.228707980156356	0.943134385378076
5.44015903190744	0.229576920264623	0.925776230549237
5.44692373063614	0.230483931193224	0.908591532002193
5.45375788717673	0.231430950238914	0.891559954852702
5.4606680515909	0.232419696255429	0.874669409565889
5.46765911705051	0.233451771880521	0.85791280906336
5.47473498346183	0.234528730671549	0.841286111029415
5.48189896806441	0.235652121892361	0.824787131775175
5.4891540607168	0.236823521043652	0.808414826122407
5.49650308350186	0.238044551327532	0.792168849802912
5.50394879128112	0.239316899397079	0.776049293506374
5.5114939357885	0.240642327563684	0.760056521354182
5.51914130723145	0.242022683877346	0.744191072954739
5.52689376205014	0.243459911006796	0.728453604194614
5.53475424219917	0.244956054531983	0.712844851643954
5.54272578928088	0.246513271059516	0.697365611371837
5.55081155559895	0.248133836442714	0.682016726570502
5.55901481341861	0.249820154306117	0.666799080582169
5.56733896323471	0.251574765023325	0.651713593259438
5.57578754154698	0.253400355265886	0.636761219405159
5.58436422845371	0.255299768222803	0.621942948534472
5.59307285525736	0.257276014580574	0.607259805504868
5.6019174122005	0.259332284349516	0.592712851745446
5.61090205640208	0.261471959621617	0.578303186930172
5.62003112003095	0.263698628347024	0.564031951010179
5.62930911872962	0.26601609921963	0.549900326564002
5.63874076028162	0.268428417766474	0.535909541452657
5.64833095349815	0.270939883740281	0.522060871785042
5.65808481728132	0.273555069919063	0.508355645212089
5.66800768980104	0.276278842420674	0.494795244577912
5.67810513769851	0.279116382643212	0.481381111964227
5.68838296520068	0.282073210943329	0.468114753171559
5.69884722299476	0.285155212163148	0.454997742687644
5.70950421666831	0.288368663111431	0.442031729200341
5.72036051446761	0.291720262094528	0.429218441719373
5.73142295406106	0.295217160575598	0.416559696378377
5.74269864791406	0.298866997014376	0.404057403995801
5.75419498678357	0.302677932901263	0.391713578480034
5.76591964072011	0.306658690945019	0.379530346170051
5.77788055681994	0.310818595298018	0.3675099562073
5.79008595279397	0.315167613600877	0.355654792036243
5.80254430520993	0.319716400491905	0.3439673841284
5.81526433101426	0.324476342047322	0.332450424015731
5.82825496064693	0.329459600384845	0.321106779700575
5.84152530072289	0.334679157363716	0.309939512477184
5.8550845838687	0.340148855934821	0.298951895148465
5.86894210287707	0.345883437220795	0.28814743154393
5.88310712588891	0.351898570824311	0.277529877131831
5.89758878885677	0.358210875162651	0.267103260359041
5.91239596112923	0.364837923805198	0.256871904133169
5.9275370796881	0.371798232857912	0.246840446568453
5.94301994747131	0.379111223427851	0.23701385973565
5.95885149146069	0.386797152177808	0.227397464675421
5.97503747699354	0.394877002060877	0.217996940351112
5.99158217629658	0.403372324685639	0.208818323542402
6.00848799180298	0.412305025659371	0.199867995953646
6.02575503865092	0.421697085023336	0.191152654105967
6.04338069606296	0.431570206927472	0.182679257027644
6.06135914408081	0.441945396399514	0.174454946540695
6.07968091008484	0.452842466766424	0.166486935306811
6.09833245791301	0.464279489067197	0.158782359016965
6.11729585990216	0.476272204313335	0.151348091430588
6.13654859696184	0.488833429764297	0.144190524511337
6.1560635317124	0.501972499870724	0.13731532054192
6.17580909282895	0.515694789032125	0.130727148357109
6.1957496940118	0.530001364516135	0.124429420860505
6.2158463890822	0.544888812026845	0.118424054662937
6.23605773827068	0.56034926300825	0.112711273864446
6.25634083432712	0.576370633149639	0.107289477920695
6.27665241593837	0.59293705883158	0.102155188106928
6.29694998467763	0.61002949662084	0.0973030790791827
6.31719284274529	0.627626434526551	0.0927260928900626
6.33734298158365	0.645704655433447	0.0884156242885506
6.35736577287091	0.664239993776218	0.0843617597421568
6.37723043868322	0.68320803490636	0.080553549262988
6.3969103019213	0.702584720088536	0.0769792899185255
6.41638283772721	0.722346835500907	0.0736268023189191
6.43562955961321	0.742472378210644	0.0704836854658002
6.45463578016027	0.762940803945474	0.0675375401201328
6.47339028645411	0.783733169706128	0.0647761554602188
6.49188496658707	0.804832188857367	0.06218765770057
6.51011441734004	0.826222217862099	0.059760622265997
6.52807555608033	0.847889193109041	0.0574841530354502
6.54576725305641	0.86982053417254	0.0553479332096279
6.563189994291	0.892005027049782	0.0533422527089959
6.58034558046291	0.914432697975242	0.0514580168809552
6.59723686356254	0.937094685656462	0.0496867408699551
6.61386752059328	0.959983117394335	0.0480205334272703
6.63024186198164	0.983090992615029	0.0464520733116105
6.64636467145059	1.00641207584525	0.044974580824978
6.66227042897781	1.02998482335469	0.043579267837752
6.67804341117926	1.05392863232419	0.0422541728356848
6.69373544237542	1.07832377667481	0.0409913956706879
6.70937852787206	1.10322615254423	0.0397854487945793
6.72499244948067	1.12867635735186	0.0386323049618864
6.7405894076367	1.15470537478081	0.0375288379562818
6.75617688837414	1.18133817423753	0.0364724904331987
6.77175944543517	1.20859600661976	0.035461075075604
6.78733981214529	1.23649787586989	0.0344926547954721
6.80291959635103	1.26506148565219	0.0335654701041456
6.81849971489046	1.29430385025808	0.0326778947422921
6.8340806649499	1.32424169013139	0.0318284082834328
6.84966269315433	1.35489168904283	0.0310155789503986
6.86524590052906	1.38627066235551	0.0302380525871265
6.88083030727452	1.41839566818001	0.0294945453489326
6.89641589239666	1.45128408189565	0.0287838386483083
6.91200261764549	1.48495364723449	0.0281047754791545
6.92759044169974	1.51942251243639	0.0274562575949166
6.94317932832453	1.55470925696287	0.026837243228148
6.95876925083759	1.59083291230992	0.0262467451664871
6.97436019434456	1.62781297920445	0.0256838290765287
6.98995215665392	1.66566944265988	0.0251476120129087
7.00554514843609	1.70442278584484	0.0246372610773329
7.02113919297514	1.74409400338366	0.0241519922086556
7.0367343257255	1.78470461449163	0.0236910690949001
7.05233059380188	1.82627667621008	0.0232538022039929
7.06792805547813	1.86883279691832	0.0228395479335735
7.08352677973827	1.91239615024405	0.0224477078825178
7.0991268459036	1.95699048945906	0.0220777282483494
7.11472834334783	2.00264016242636	0.0217290993558813
7.13033137130558	2.04937012715279	0.0214013553234227
7.14593603877552	2.09720596799511	0.0210940738738528
7.16154246451808	2.14617391256533	0.0208068762988782
7.17715077714657	2.19630084938184	0.020539427585907
7.19276111531073	2.2476143463154	0.0202914367182426
7.20837362797236	2.30014266988313	0.02006265716074
7.22398847477332	2.35391480544927	0.019852887544729
7.23960582649704	2.4089604783978	0.0196619725679011
7.2552258656261	2.46531017635006	0.0194898041270353
7.27084878699905	2.52299517250917	0.0193363227039309
7.28647479857155	2.58204755022362	0.0192015190277735
7.30210412228762	2.64250022887391	0.0190854360404376
7.31773699506879	2.70438699119978	0.0189881711949945
7.33337366993008	2.7677425122007	0.0189098791220177
7.34901441723382	2.83260238976029	0.0188507747032576
7.36465952609398	2.89900317716527	0.0188111365979994
7.38030930594606	2.96698241771303	0.0187913112740518
7.39596408829982	3.03657868162893	0.0187917176029903
7.41162422869496	3.10783160554542	0.0188128520881936
7.42729010888295	3.18078193483129	0.0188552948045671
7.44296213926189	3.25547156910134	0.0189197161409289
7.45864076159508	3.33194361128576	0.0190068844501444
7.47432645204924	3.4102424206954	0.0191176747286342
7.49001972459334	3.4904136705864	0.0192530784663054
7.5057211348058	3.57250441080589	0.0194142148308447
7.52143128414512	3.65656313619308	0.019602343377357
7.53715082474803	3.74263986151929	0.0198188785063842
7.55288046482951	3.83078620387953	0.0200654059314529
7.5686209747715	3.92105547360184	0.0203437014627617
7.58437319400155	4.01350277492304	0.0206557524680487
7.60013803878022	4.10818511789806	0.0210037824370706
7.61591651103678	4.20516154327121	0.0213902791549974
7.63170970841768	4.30449326235263	0.0218180270855327
7.6475188357422	4.40624381432239	0.0222901446807156
7.66334521809635	4.51047924384478	0.0228101274762282
7.67919031583972	4.61726830243439	0.0233818980051393
7.69505574185414	4.72668267769826	0.0240098637777446
7.71094328142891	4.838797255416	0.0246989848413832
7.72685491525836	4.95369042045061	0.0254548527659997
7.74279284612831	5.07144440375945	0.0262837833174145
7.75875952999302	5.19214568436177	0.027192925605431
7.77475771230076	5.31588545710316	0.0281903911609638
7.79079047062343	5.44276017955031	0.0292854072496305
7.80686126489535	5.57287221449986	0.0304884998288382
7.82297399688489	5.70633058858864	0.0318117129837376
7.83913308093098	5.84325189261139	0.0332688735485459
7.85534352850496	5.98376135573502	0.0348759120931003
7.87161104984521	6.12799413431783	0.0366512547554891
7.88794217681255	6.27609686713207	0.0386163048524943
7.90434441230329	6.42822956330788	0.0407960392668559
7.92082641313641	6.58456790842396	0.0432197529778241
7.93739821544362	6.7453060994142	0.0459219967849219
7.95407151443014	6.91066035237838	0.0489437698041859
7.97086001420066	7.08087327155921	0.052334052028209
7.98777986849882	7.25621932569334	0.0561517967559705
8.00485024009709	7.43701175249455	0.0604685536992767
8.0220940155887	7.62361130385847	0.065371970089906
8.0395387235603	7.81643734642743	0.0709705336116012
8.05721771647183	8.01598191466112	0.0774001006542247
8.07517168530295	8.22282728439948	0.0848330328312465
8.09345056589227	8.43766723376639	0.0934911986011002
8.11211582188722	8.6613306700339	0.103664753882587
8.13124282224478	8.89480176761668	0.115739527213507
8.15092220498028	9.13921781291145	0.1302367454949
8.17125671860184	9.39579012079857	0.147868194680494
8.19234350790884	9.66549937566616	0.169601295061709
8.21421694647444	9.94820980990976	0.196691073709926
8.23671143003332	10.2406491742094	0.230531247450876
8.25926708510408	10.5336644245667	0.272080105446241
8.27809251259275	10.7761060037772	0.314071871873721
8.2948957580776	10.9892333845742	0.358394439014572
8.30882414102854	11.16228291045	0.400954855726996
8.32145100344116	11.3153298371476	0.444820718596592
8.33281490001491	11.4491062028215	0.48919893288297
8.34309055825928	11.5661302510799	0.533826837956572
8.35246295871154	11.6690064595142	0.578678207590161
8.3615217601574	11.7643913255313	0.626171944269273
8.3696718475846	11.8463211122427	0.672718643904494
8.37753732870375	11.9214676931156	0.721366290054184
8.38505361752266	11.9892679383886	0.771555781767978
8.39183701928296	12.0467393562144	0.82019776262899
8.39840252902177	12.0986960535954	0.870510475286549
8.4047183759336	12.1449780969636	0.922108595891312
8.41077613040308	12.185686324478	0.974728581187514
8.41658105914527	12.2210580460995	1.02819693309487
8.42214577651196	12.2513895979682	1.08240413035315
8.42748628688825	12.2769913445942	1.13728465652991
8.43261963923786	12.2981634935523	1.19280241800811
8.43756261517828	12.3151845031156	1.24894047209373
8.44233105379189	12.3283067155198	1.30569399579141
8.44693955450991	12.3377558962177	1.3630655915
8.45140139543925	12.3437327133809	1.4210622273389
8.45572856783839	12.3464150409006	1.47969329393487
8.45993186777828	12.3459604801232	1.53896940858532
8.46402101104548	12.3425087941915	1.59890171061103
8.46800475253049	12.3361841172629	1.65950147366501
8.4718910003658	12.3270968920735	1.72077991854832
8.47568692030836	12.3153455359203	1.78274814995912
8.47939902879886	12.3010178567199	1.84541716765215
8.48303327470392	12.2841922488302	1.90879792057264
8.48659511052779	12.264938699377	1.97290138446438
8.4900895542083	12.2433196335866	2.03773865122747
8.49352124269392	12.2193906240769	2.10332102330165
8.49689447845381	12.1932009852382	2.16966010952254
8.50021326996879	12.164794270223	2.23676792087901
8.50348136712739	12.1342086848644	2.30465696581781
8.50670229232689	12.1014774301026	2.37334034547859
8.50987936796442	12.0666289821949	2.44283184968415
8.51301574090282	12.0296873180543	2.51314605477716
8.51611440440948	11.9906720914533	2.5842984245643
8.51917821799454	11.9495987644634	2.65630541575184
8.52220992551588	11.9064786973398	2.72918458936559
8.52521217187009	11.8613191990362	2.80295472976553
8.52818751855126	11.8141235396173	2.87763597300543
8.53113845832965	11.7648909249801	2.95324994646348
8.53406742928126	11.7136164334701	3.02981992189063
8.53697682838418	11.6602909131467	3.10737098430012
8.53986902488954	11.6049008375882	3.18593021946589
8.54274637367267	11.5474281171917	3.26552692322317
8.54561122877383	11.4878498618814	3.34619283628842
8.54846595734871	11.4261380899505	3.42796240895949
8.55131295426571	11.3622593763721	3.51087310084684
8.55415465761318	11.2961744322668	3.5949657217576
8.5569935654138	11.227837605229	3.68028482104807
8.55983225389013	11.1571962877986	3.76687913423265
8.56267339768433	11.0841902183936	3.85480209745524
8.56551979251269	11.0087506553436	3.94411244268111
8.56837438083349	10.930799400078	4.03487488925954
8.57124028123257	10.8502476397829	4.12716095097475
8.57412082239079	10.7669945726113	4.22104988200647
8.5770195827017	10.6809257694199	4.31662979055123
8.57994043686658	10.5919112144947	4.41399895541907
8.58288761112286	10.4998029532364	4.5132673889141
8.58586574917499	10.4044322566286	4.61455869884748
8.58887999141009	10.3056061899241	4.71801231349329
8.59193607060082	10.2031034460817	4.82378614498125
8.59504042801116	10.0966692738644	4.93205977703699
8.59820035455502	9.98600929954415	5.04303826736579
8.60142416220991	9.8707820192672	5.15695664268002
8.60472139075114	9.75058974935671	5.27408511230991
8.6081030528715	9.62496791742665	5.39473488516332
8.6115819142237	9.49337287812052	5.51926413955868
8.61517278795058	9.35516920978395	5.64808294383238
8.61889278289225	9.20961927435485	5.78165429160302
8.62276135337522	9.05588193783728	5.9204849520284
8.62679980197093	8.89303619773204	6.06509277227599
8.6310294968983	8.72016303098901	6.21592383199713
8.63546742733073	8.53654770095438	6.37317298232395
8.6401171942711	8.34208924162766	6.53645069253683
8.64495494133431	8.13794264613027	6.70430427343077
8.64991636731877	7.92712190182407	6.87384620561547
8.65489964989448	7.71439185657274	7.04101294610998
8.65979187264737	7.5050826748009	7.20163530944719
8.66450210201089	7.303567754798	7.3526204097479
8.66872899983785	7.12308483606169	7.48475335277523
8.67280835128331	6.94949858636462	7.60902475350729
8.67671296948449	6.78413338968362	7.72478894207002
8.68043991535304	6.62720956802514	7.83222032043989
8.6839995141189	6.47833534928628	7.931902422265
8.68740801719455	6.33683970950754	8.02456858530562
8.69068330328557	6.20196905655215	8.11095989106017
8.69384264283563	6.07299036883888	8.19175816065996
8.69690170339662	5.9492376985818	8.26756147526865
8.69987423675259	5.83012741933147	8.33888142453827
8.70277210823345	5.71515771594922	8.40615014878151
8.70560547690609	5.60390107408459	8.46973085364992
8.70838302550374	5.49599440629467	8.52992870820985
8.71111219039649	5.39112909679381	8.58700078111729
8.71379936985361	5.28904196672111	8.64116455752692
8.71645010331305	5.18950749965592	8.69260500091197
8.71906922139588	5.09233134598014	8.74148030227994
8.7216609694596	4.99734498507546	8.78792651660659
8.72422910851101	4.90440137740667	8.83206128740463
8.72677699734658	4.81337143612726	8.87398683831805
8.72930765941226	4.72414116460224	8.91379238170988
8.73182383735758	4.6366093293307	8.95155606580281
8.73432803773514	4.55068556104039	8.98734655698754
8.73682256782624	4.46628879760756	9.02122433322662
8.73930956617436	4.38334600008845	9.05324274787504
8.74179102808138	4.30179108753645	9.0834489101635
8.74426882705954	4.22156404777632	9.11188441841426
8.74674473302464	4.14261019037832	9.13858597418796
8.74922042785294	4.06487951518049	9.16358589948867
8.75169751879699	3.98832617525138	9.18691257447047
8.75417755015594	3.91290801750723	9.20859080946968
8.75666201351798	3.83858618756945	9.2286421623798
8.75915235683215	3.7653247880847	9.24708521019945
8.76164999251889	3.69309058179932	9.26393578187167
8.76415630479107	3.62185273231036	9.27920715818278
8.76667265632832	3.55158257670685	9.29291024341972
8.76920039442346	3.4822534253433	9.30505371262928
8.77174085670198	3.41384038481018	9.31564413763564
8.77429537650057	3.34632020082886	9.32468609441503
8.77686528797934	3.27967111833496	9.33218225397092
8.77945193103312	3.21387275645081	9.33813345847805
8.78205665606019	3.14890599640549	9.34253878415165
8.78468082864142	3.08475288075506	9.34539559203618
8.78732583417842	3.02139652249967	9.34669956768633
8.78999308253655	2.9588210228968	9.34644475052207
8.7926840127366	2.89701139693923	9.34462355347438
8.79540009773784	2.83595350560932	9.34122677339252
8.79814284935494	2.77563399414119	9.33624359255292
8.80091382335154	2.71604023562494	9.32966157149174
8.80371462475469	2.65716027937432	9.32146663327258
8.80654691343609	2.59898280355451	9.3116430391978
8.80941241000875	2.5414970716319	9.30017335587184
8.81231290209092	2.48469289226434	9.28703841342764
8.81525025099349	2.4285605823012	9.27221725463012
8.81822639889185	2.37309093260713	9.25568707447248
8.82124337654895	2.31827517646503	9.23742314978049
8.82430331166355	2.26410496035168	9.21739875823595
8.82740843792496	2.21057231691659	9.19558508612212
8.83056110486522	2.15766964003073	9.17195112398028
8.83376378860951	2.10538966180895	9.14646354924852
8.83701910363775	2.05372543154977	9.11908659483052
8.84032981568295	2.00267029657949	9.08978190241597
8.84369885590722	1.95221788503778	9.05850835924755
8.84712933651178	1.90236209070067	9.02522191690698
8.85062456795558	1.85309706000799	8.98987539058157
8.85418807797533	1.80441718155048	8.95241823718558
8.85782363261949	1.75631707838214	8.91279631066395
8.86153525952763	1.70879160366419	8.87095159282691
8.86532727370399	1.66183584032847	8.82682189819125
8.86920430604736	1.61544510568251	8.7803405515952
8.87317133490442	1.56961496218605	8.731436037893
8.87723372090542	1.52434123603133	8.68003162394525
8.88139724530958	1.47962004569115	8.62604495458089
8.88566815202057	1.43544784330175	8.56938762647716
8.8900531933085	1.39182147268001	8.50996474736215
8.89455967906418	1.3487382490124	8.44767449313988
8.89919552906892	1.30619606689508	8.38240768325939
8.90396932722128	1.26419354557817	8.31404740603388
8.90889037582371	1.22273022312623	8.24246874227771
8.91396874675367	1.1818068149316	8.16753865983697
8.91921532442477	1.14142555678619	8.08911618645685
8.92464183260204	1.10159065865461	8.00705301808536
8.93026083300268	1.06230890233591	7.92119478930016
8.9360856777359	1.02359042384952	7.83138332775664
8.94213038954386	0.985449728199047	7.73746034004236
8.94840943320987	0.947906986934572	7.63927313178728
8.9549373287441	0.910989661282696	7.53668313677476
8.96172804393543	0.874734464205076	7.4295781759002
8.96879409557366	0.839189605671726	7.31788939167267
8.97614529533203	0.804417133158696	7.20161352933252
8.9837871149385	0.770494963493072	7.0808403886749
8.99171873715735	0.737517910012395	6.95578354794819
8.99993101739569	0.705596720010527	6.82680976231913
9.00840478361554	0.674854046161805	6.69445931081749
9.01711006285565	0.645416663048712	6.55944761539288
9.0260067967073	0.617404283022038	6.42264004016453
9.03504728459895	0.590916787964124	6.2849983170099
9.04418003581457	0.566022819741132	6.1475067855451
9.05335419213457	0.542752633548989	6.01109455734196
9.06252350686602	0.521096761589091	5.87657099561178
9.07164911657981	0.501010112706213	5.74458600613751
9.0807008300115	0.482419686113202	5.61561752991831
9.08965710635202	0.465233640856667	5.48998117585234
9.09850413686171	0.449349878096217	5.36785356796352
9.10723447492963	0.434663068043257	5.24930128764576
9.11584556483447	0.421069769596867	5.13430952105255
9.12433838763072	0.408471761825216	5.02280708322692
9.13271632801208	0.39677792894574	4.91468652452888
9.14098428770405	0.385905089815894	4.80981930853527
9.14914802705272	0.375778120579768	4.70806669727028
9.15721369744059	0.366329643143728	4.60928720067995
9.16518752312163	0.357499474926753	4.51334143170504
9.17307559463854	0.349233970728756	4.42009508682347
9.18088374251893	0.341485338960475	4.3294206209369
9.18861746690429	0.334210980411065	4.24119804305242
9.19628190497219	0.327372875112972	4.15531514038636
9.20388182306582	0.320937028558432	4.07166734615207
9.21142162433581	0.314872979921225	3.99015739775887
9.21890536558246	0.309153370086289	3.91069488296464
9.22633677906282	0.30375356481158	3.83319573712459
9.23371929648985	0.298651327312864	3.75758173112898
9.24105607346132	0.293826534368587	3.68377997380906
9.24835001324311	0.289260930306525	3.61172244217418
9.25560378928939	0.284937913722641	3.54134554612348
9.26281986618229	0.280842352356767	3.47258973005079
9.27000051886572	0.276960422131208	3.40539911119361
9.27714785016695	0.273279466905777	3.33972115309473
9.28426380667012	0.26978787599706	3.27550637176057
9.29135019304494	0.266474976944626	3.21270807175591
9.29840868495237	0.263330941383192	3.15128210939913
9.3054408406545	0.260346702201816	3.09118668030522
9.31244811145452	0.257513880444804	3.03238212869312
9.3194318510855	0.254824720640594	2.9748307760854
9.3263933241587	0.252272033440162	2.91849676725362
9.33333371377206	0.249849144611229	2.86334593148547
9.3402541283697	0.247549849573274	2.80934565746095
9.34715560793423	0.245368372775417	2.75646478021954
9.35403912958421	0.243299331318024	2.70467347887671
9.36090561264162	0.241337702302452	2.6539431839061
9.36775592322646	0.239478793464152	2.60424649294384
9.37459087842922	0.237718216704408	2.55555709419541
9.38141125010619	0.236051864187209	2.50784969663422
9.38821776833727	0.234475886711285	2.46109996627698
9.39501112458156	0.232986674104721	2.41528446790414
9.40179197456186	0.231580837421456	2.37038061166777
9.40856094090579	0.230255192746497	2.32636660409278
9.41531861556812	0.229006746440298	2.28322140303404
9.42206556205612	0.227832681673197	2.24092467620121
9.42880231747739	0.226730346118473	2.19945676290611
9.4355293944276	0.225697240687927	2.15879863872577
9.44224728273353	0.224731009207212	2.1189318828073
9.44895645106533	0.223829428939765	2.07983864757039
9.45565734843045	0.222990401878344	2.04150163058898
9.46235040556035	0.222211946732056	2.00390404845658
9.46903603619998	0.221492191544541	1.96702961245981
9.47571463830916	0.22082936688585	1.93086250590268
9.48238659518395	0.220221799566555	1.89538736293997
9.48905227650535	0.219667906827994	1.8605892487922
9.49571203932208	0.219166190967218	1.82645364122695
9.50236622897342	0.218715234359408	1.79296641320275
9.50901517995769	0.21831369484421	1.76011381658146
9.51565921675132	0.21796030144575	1.72788246682398
9.52229865458317	0.217653850398986	1.69625932859215
9.52893380016822	0.217393201457714	1.66523170218656
9.53556495240454	0.217177274461838	1.63478721075674
9.5421924030371	0.217005046143636	1.60491378822546
9.54881643729161	0.216875547154619	1.57559966787436
9.55543733448148	0.216787859296264	1.54683337154269
9.56205536859067	0.216741112939424	1.51860369939479
9.56867080883509	0.216734484618582	1.49089972021627
9.57528392020492	0.216767194788342	1.46371076220172
9.58189496399018	0.21683850573068	1.43702640420017
9.58850419829162	0.216947719602473	1.41083646738711
9.59511187851909	0.21709417661375	1.38513100733466
9.60171825787919	0.217277253327938	1.35990030645346
9.60832358785397	0.217496361076131	1.33513486678213
9.61492811867265	0.217750944478106	1.31082540310209
9.62153209977772	0.218040480063433	1.28696283635708
9.62813578028726	0.218364474986616	1.26353828735836
9.63473940945495	0.218722465830723	1.2405430707582
9.64134323712919	0.219114017494442	1.21796868927526
9.64794751421296	0.219538722157977	1.1958068281569
9.65455249312572	0.219996198323572	1.17404934986451
9.66115842826885	0.22048608992687	1.15268828896889
9.66776557649596	0.221008065515653	1.13171584724375
9.67437419758953	0.221561817492829	1.11112438894615
9.68098455474517	0.22214706142088	1.09090643627362
9.68759691506499	0.222763535385216	1.07105466498818
9.69421155006136	0.223410999414215	1.0515619001985
9.70082873617253	0.224089234953931	1.03242111229178
9.70744875529144	0.224798044395733	1.01362541300751
9.71407189530927	0.225537250655354	0.995168051646047
9.72069845067504	0.226306696802038	0.977042411405201
9.72732872297276	0.227106245736708	0.959242005838498
9.73398685235418	0.227938813024314	0.941698274932034
9.74069306087316	0.228807238669703	0.924357474786007
9.74746053702323	0.229713774721009	0.907187407871109
9.75429820203509	0.230660319094947	0.890168816319779
9.7612123838294	0.23164856532034	0.873290262761444
9.76820784055255	0.232680099736384	0.856545056337857
9.77528839083742	0.233756465422279	0.839929396065094
9.78245730396246	0.234879204929338	0.823441245602369
9.7897175425585	0.236049889491669	0.807079650006286
9.79707191445371	0.237270139643539	0.790844320510306
9.80452316843541	0.238541640426477	0.774735382178095
9.81207405538474	0.239866153251224	0.758753220655592
9.81972736805389	0.241245525760251	0.742898389265444
9.8274859677053	0.242681700572974	0.72717155286625
9.83535280271003	0.244176723497348	0.711573454126234
9.84333092226965	0.245732751599892	0.696104893476464
9.8514234872277	0.247352061403919	0.680766717428348
9.85963377919371	0.249037057408272	0.665559812023212
9.8679652087419	0.250790281070678	0.650485099450926
9.87642132315935	0.252614420370496	0.635543536648045
9.88500581404027	0.254512320048701	0.620736115157452
9.8937225249102	0.25648699261403	0.606063861819326
9.90257545899328	0.25854163020061	0.591527840039169
9.91156878718886	0.260679617362214	0.57712915148664
9.92070685629234	0.26290454489041	0.562868938145663
9.92999419747194	0.265220224747407	0.548748384678066
9.93943553499396	0.2676307062088	0.534768721089768
9.94903579517168	0.27014029331615	0.5209312257063
9.95880011549479	0.272753563743999	0.507237228476998
9.96873385387595	0.27547538919006	0.493688114636719
9.97884259792704	0.278310957400308	0.480285328761837
9.98913217414881	0.281265795942034	0.46703037926445
9.99960865688202	0.284345797836555	0.453924843375592
10.0102783768247	0.287557249158302	0.440970372675154
10.0211479288661	0.290906858696874	0.428168699233281
10.0322241789228	0.29440178976162	0.415521642435161
10.0435142693789	0.29804969418191	0.403031116568328
10.0550256226369	0.301858748517666	0.390699139258399
10.0667659421592	0.305837692439804	0.378527840845227
10.0787432102389	0.30999586916447	0.366519474795894
10.0909656815569	0.314343267721995	0.354676429252702
10.1034418713699	0.318890566704053	0.343001239811792
10.1161805369247	0.323649178951469	0.33149660361892
10.1291906503922	0.328631296409615	0.320165394850209
10.1424813612758	0.333849934076001	0.309010681613197
10.1560619458547	0.339318971581441	0.298035744251634
10.1699417407956	0.345053190467539	0.287244094959078
10.1841300576034	0.351068304635375	0.276639498492149
10.1986360741235	0.357380980732577	0.266225993613136
10.2134686988868	0.364008844415468	0.256007914670168
10.2286364037785	0.370970467480154	0.245989912426749
10.244147020415	0.378285329834635	0.2361769728668
10.2600074958629	0.385973749250764	0.226574432214883
10.2762236041353	0.394056770907208	0.21718798582103
10.2927996114663	0.402556008093823	0.208023687877652
10.309737895977	0.411493425353266	0.199087938201172
10.3270385262535	0.420891056126967	0.190387451600753
10.3446988087495	0.430770649052216	0.18192920480102
10.3627128208115	0.441153240837903	0.173720355675827
10.3810709541978	0.452058659450344	0.165768129934112
10.3997595024472	0.463504969244909	0.158079671654178
10.4187603330139	0.475507879325472	0.150661856435313
10.4380506898384	0.488080146831373	0.143521069541517
10.4576031717838	0.5012310163835	0.136662956116688
10.4773859251812	0.514965743362475	0.130092155864199
10.4973630735925	0.52928524971593	0.123812039634371
10.5174953855175	0.544185954836933	0.117824469007897
10.5377411539343	0.559659810284867	0.112129601059144
10.5580572348962	0.575694547137461	0.106725758262337
10.5784001712872	0.592274121770206	0.101609377912017
10.5987273168709	0.609379324137278	0.0967750472671478
10.6189978772988	0.626988496338546	0.0922156213900764
10.6391737981436	0.645078301233662	0.0879224121034417
10.6592204519672	0.663624481875548	0.083885430151695
10.6791071020742	0.682602561285525	0.080093659406536
10.6988071450661	0.701988445864649	0.0765353418868733
10.7182981539003	0.721758911343385	0.0731982548988732
10.7375617559812	0.741891964818722	0.0700699657890024
10.7565833867065	0.762367088231549	0.067138054630764
10.7753519589541	0.783165376756034	0.0643902997977491
10.7938594849464	0.804269590036992	0.061814825265217
10.8121006805572	0.82566413561408	0.0594002113786414
10.8300725749531	0.847335003054322	0.0571355727130218
10.8477741415581	0.869269665127026	0.0550106076513951
10.8652059603399	0.891456959513165	0.0530156246332174
10.882369916619	0.913886961570056	0.0511415498714255
10.8992689380219	0.936550855907494	0.0493799208947958
10.9159067687193	0.959440812152869	0.0477228696838304
10.9322877785082	0.98254986835554	0.046163098536318
10.9484168034199	1.00587182399714	0.044693851188929
10.964326199238	1.02944189840987	0.0433065626941919
10.9801011999538	1.05338064868515	0.0419892327595266
10.9957942161888	1.07776907273199	0.0407339436015778
11.011437617899	1.10266352426612	0.0395352016567138
11.0270514163592	1.12810489209739	0.0383889801989497
11.0426479578247	1.1541243461613	0.0372921572328715
11.0582348218657	1.18074697493615	0.0362421817075279
11.0738166228227	1.20799410513741	0.0352368737151909
11.0893961337278	1.23588478849111	0.0342743041217934
11.1049749887934	1.26443675815179	0.033352721592938
11.1205541226396	1.29366704586755	0.0324705080147733
11.1361340446606	1.3235923815402	0.0316261509701543
11.1517150100273	1.35422945300646	0.030818226477581
11.1672971258699	1.38559507599082	0.0300453879161619
11.1828804168362	1.41770630635497	0.029306358688095
11.1984648652293	1.45058051532988	0.0285999271485753
11.2140504352767	1.48423544106225	0.0279249429216289
11.2296370875337	1.5186892250706	0.0272803140745695
11.2452247871877	1.55396043915488	0.0266650048368491
11.260813508624	1.59006810633599	0.0260780336771543
11.2764032377311	1.6270317181334	0.0255184716294772
11.2919939728645	1.66487124967125	0.0249854408049706
11.307585725042	1.70360717357692	0.0244781130539608
11.3231785177225	1.74326047329681	0.0239957087589613
11.3387723863824	1.78385265623652	0.023537495749381
11.3543673780215	1.82540576699297	0.0231027883345399
11.3699635506738	1.8679424008572	0.0226909464552223
11.3855609729679	1.91148571771036	0.0223013749562866
11.4011597237616	1.95605945640048	0.0219335229844021
11.4167598918619	2.00168794966633	0.0215868835161504
11.4323615758382	2.0483961396626	0.0212609930227267
11.4479648839274	2.09620959413432	0.020955431278439
11.4635699340334	2.14515452328625	0.0206698213212119
11.4791768538183	2.19525779739346	0.0204038295744134
11.4947857808853	2.2465469652019	0.0201571661405798
11.5103968630525	2.29905027317181	0.0199295852790444
11.5260102587184	2.35279668562207	0.0197208860811154
11.5416261373194	2.40781590584024	0.0195309133583297
11.5572446798826	2.46413839823069	0.0193595587614599
11.5728660796775	2.52179541158195	0.0192067621504211
11.5884905429696	2.58081900354479	0.0190725132380509
11.6041182898842	2.64124206642389	0.018956853533979
11.6197495553866	2.70309835439959	0.0188598786185252
11.6353845903869	2.76642251231121	0.0187817407808421
11.6510236629829	2.8312501061509	0.01872265206044
11.6666670598504	2.89761765543713	0.018682887736911
11.6823150877984	2.96556266765995	0.0186627903192229
11.6979680755048	3.03512367501682	0.0186627740935451
11.7136263754525	3.10634027368848	0.0186833302973722
11.7292903660904	3.17925316594034	0.0187250329979474
11.7449604542437	3.25390420537605	0.0187885457649206
11.7606370778049	3.33033644571839	0.0188746292411135
11.7763207087422	3.4085941935493	0.0189841497315973
11.7920118564625	3.48872306550661	0.0191180889504684
11.8077110715804	3.57077005051292	0.0192775550873028
11.8234189501438	3.6547835777034	0.019463795381964
11.8391361383822	3.740813590827	0.0196782104280654
11.8548633380491	3.82891163002325	0.019922370462993
11.8706013124456	3.91913092202822	0.0201980339472346
11.8863508932247	4.01152648004368	0.0205071687894352
11.9021129880934	4.10615521471867	0.0208519766380654
11.9178885895505	4.20307605795084	0.0212349207383266
11.9336787848222	4.30235010152534	0.0216587579470184
11.9494847671877	4.40404075298309	0.0221265756124996
11.9653078489223	4.50821391156388	0.0226418341665695
11.9811494761284	4.6149381676209	0.0232084164464785
11.9970112457803	4.72428502957617	0.0238306849765707
12.0128949253691	4.83632918331117	0.024513548700915
12.0288024756185	4.95114878990282	0.0252625409845999
12.044736076839	5.06882582887143	0.0260839111103879
12.0606981596097	5.18944649566965	0.0269847320133052
12.076691440634	5.31310166409315	0.0279730276506765
12.0927189648061	5.4398874267459	0.0290579242424208
12.1087841547721	5.56990572979026	0.0302498306948515
12.1248908695814	5.70326512214661	0.0315606549212339
12.1410434744248	5.84008164433575	0.0330040646051973
12.1572469239734	5.98047988862204	0.0345958033741948
12.1735068625054	6.12459427047737	0.0363540765790997
12.1898297448903	6.27257056226839	0.0383000252263421
12.2062229836635	6.42456775431155	0.0404583125342971
12.2226951289679	6.58076032717903	0.0428578557501752
12.2392560902095	6.74134104389156	0.0455327472532622
12.2559174110441	6.90652440340771	0.0485234250682667
12.2726926130603	7.0765509401621	0.0518781759821879
12.289597628562	7.25169261132958	0.0556550880023755
12.306651349603	7.43225958691737	0.0599246184076734
12.3238763292847	7.61860884872744	0.0647730178545657
12.3412996824202	7.81115510664401	0.0703069638826692
12.358954245083	8.01038462761939	0.0766599311408959
12.3768800619927	8.21687255947868	0.084001096208972
12.395126263208	8.43130397773962	0.0925479954444259
12.4137533257759	8.65449752718285	0.102584793648639
12.432835472842	8.88742635766737	0.114488919284933
12.4524622040769	9.1312190880847	0.128769766208915
12.4727357363907	9.38709031507948	0.146122778251475
12.4937550645444	9.65606238494006	0.167494715937053
12.5155631926755	9.93814213715999	0.194121882831391
12.5380170194697	10.2303965576503	0.227403922855576
12.5605913548469	10.5241694974746	0.268366196414501
12.5795991776659	10.7695475135951	0.310165348636403
12.5965942769297	10.9857383090532	0.354436737937656
12.6106748626952	11.1612623386243	0.396998699656545
12.6234284320256	11.3164127442244	0.440889050493875
12.6348924646983	11.4519040333234	0.485290799054324
12.6452463279436	11.5703206440996	0.529932197355028
12.6546802612671	11.6743424844886	0.574785656942417
12.6637951347949	11.7707816811289	0.622296083828041
12.6719872737421	11.8535575484072	0.668838792976119
12.6798906840658	11.9294799800088	0.717490059100074
12.6874402831187	11.9979786280187	0.767686605709837
12.6942482930191	12.0560193903072	0.816315309347681
12.7008359860492	12.1085025702771	0.866618306771125
12.7071714790165	12.1552668206843	0.918208313459305
12.7132464376154	12.1964149727419	0.970820421967741
12.7190663294538	12.2321879804305	1.02428027855585
12.7246440102828	12.2628863924968	1.07847789002791
12.7299957288403	12.2888247536274	1.13334753279499
12.7351387620373	12.3103071255828	1.18885307470226
12.7400900947301	12.3276153815388	1.24497763259486
12.7448657424601	12.3410048233997	1.30171649283565
12.7494804554809	12.3507037524223	1.3590723858987
12.753947639672	12.3569149991275	1.41705240784251
12.7582793940627	12.359818280802	1.47566606652003
12.7624866054962	12.3595727746176	1.53492408049792
12.7665790662572	12.3563195972912	1.5948376724396
12.7705655958242	12.3501840528363	1.65541818133923
12.7744541570025	12.3412776022121	1.7166768762675
12.7782519619649	12.3296995557228	1.7786248945014
12.7819655666744	12.3155385107141	1.84127325418464
12.785600953742	12.2988735651073	1.90463290989692
12.7891636045489	12.279775338261	1.96871483153507
12.7926585617839	12.2583068282919	2.03353009473957
12.796090483626	12.234524131325	2.09908997613127
12.7994636907483	12.2084770442209	2.16540604981074
12.8027822072123	12.1802095686339	2.23249028356106
12.8060497961945	12.1497603309908	2.30035513441527
12.809269991357	12.1171629301821	2.36901364398521
12.8124461245593	12.0824462224184	2.43847953438818
12.8155813505027	12.045634550737	2.50876730587046
12.8186786688136	12.006747925015	2.57989233739305
12.8217409439966	11.9658021569607	2.65187099156364
12.8247709236283	11.922808953379	2.72472072540411
12.8277712551147	11.8777759699757	2.79846020855572
12.8307445012963	11.8307068270422	2.87310945065982
12.8336931551533	11.7816010875025	2.94868993982264
12.8366196538443	11.7304541969808	3.02522479428834
12.839526392294	11.6772573847193	3.10273892971465
12.8424157365367	11.6219975233197	3.18125924478303
12.8452900370227	11.5646569443526	3.26081482829191
12.8481516420927	11.5052132058549	3.34143719139564
12.8510029118405	11.4436388065609	3.42316052928281
12.8538462325981	11.3799008403479	3.50602201736257
12.8566840323014	11.3139605827567	3.59006214797983
12.8595187970305	11.2457729995019	3.67532511485087
12.8623530890617	11.1752861645152	3.76185925385451
12.8651895668278	11.1024405721591	3.84971755059668
12.8680310072562	11.0271683246445	3.9389582273734
12.8708803310526	10.9493921712057	4.02964542489472
12.8737406316189	10.8690243699638	4.12184999753132
12.8766152084498	10.7859653363464	4.21565044506673
12.8795076060533	10.7001020330171	4.31113400916856
12.8824216596895	10.6113060450109	4.40839796924163
12.885361549547	10.5194312695854	4.50755118019676
12.8883318653768	10.4243111325122	4.60871590409528
12.891337684108	10.325755220532	4.7120299985305
12.8943846635805	10.2235451931461	4.81764953637817
12.8974791562341	10.1174298064208	4.9257519424012
12.9006283473421	10.0071188499972	5.03653973778786
12.9038404229656	9.89227577451364	5.1502449742643
12.9071247728001	9.77250879112612	5.2671343936996
12.9104922313889	9.64736030649674	5.38751522159165
12.9139553553735	9.51629482564642	5.51174119656103
12.9175287190915	9.37868615632929	5.64021774739214
12.9212291739993	9.23380641897215	5.7734037221528
12.9250759336248	9.08082315183051	5.91180386699518
12.9290901641291	8.91881899768836	6.05593966939777
12.9332933956145	8.74686494059432	6.2062736662178
12.9377034518195	8.56420607251052	6.36304278469889
12.942326004095	8.3706462808959	6.52594255635198
12.947140897983	8.16717321413016	6.69365582024944
12.9520884072647	7.95659572560812	6.86344463395662
12.9570697419996	7.74354478453394	7.03131952305991
12.9619714122676	7.53338185339613	7.19304741497028
12.9666989327356	7.33064869720598	7.34537398501401
12.9709469761687	7.14880050988338	7.47888212065907
12.9750476077132	6.97383846232367	7.60448998809586
12.9789718576055	6.80717414508478	7.72148943314876
12.9827159387791	6.64906998270121	7.83003046719619
12.986289959201	6.49914565549445	7.93069591771716
12.9897103007865	6.35672453813302	8.02423024066584
12.9929951265245	6.22103977368984	8.11138994067949
12.9961620329975	6.09134286717684	8.19287255254217
12.9992269997704	5.96695294039479	8.26929035916374
13.002204053292	5.84727313909308	8.34116704698214
13.0051052901985	5.73179044129086	8.40894474112586
13.0079410595812	5.62006806663875	8.47299475579864
13.0107201981729	5.51173536319692	8.53362879822796
13.0134502663118	5.40647757327204	8.5911092024119
13.0161377618344	5.30402653452691	8.64565770505863
13.0187883041999	5.20415267674617	8.69746272069421
13.0214067885058	5.10665833722393	8.74668526120544
13.023997512253	5.0113722709689	8.79346370597873
13.026564278797	4.91814518240699	8.83791763048124
13.029110481479	4.82684610243313	8.88015087846766
13.0316391720389	4.73735945193439	8.92025403304032
13.0341531163811	4.649582656818	8.95830641232704
13.0366548402195	4.56342420371876	8.99437768966746
13.0391466666443	4.47880204720264	9.02852921674881
13.0416307472364	4.39564229755061	9.06081511092277
13.0441090880237	4.31387813310255	9.09128315439618
13.0465835712968	4.2334488930354	9.11997554245869
13.0490559740921	4.15429931582731	9.14692950977398
13.0515279839814	4.07637889599827	9.17217785748978
13.0540012126737	3.99964133743889	9.19574939908918
13.0564772078359	3.92404408609523	9.21766933917452
13.0589574634564	3.84954792825075	9.2379595964838
13.0614434290147	3.77611664336033	9.25663908018993
13.0639365176702	3.70371670251908	9.27372392677272
13.0664381136466	3.63231700532433	9.28922770336763
13.0689495789553	3.56188864921469	9.30316158239704
13.0714722595809	3.4924047264249	9.31553449141422
13.0740074912298	3.42384014453872	9.32635324138522
13.0765566047292	3.35617146730067	9.33562263606434
13.0791209311531	3.28937677289659	9.34334556465284
13.0817018067408	3.22343552735965	9.34952307954763
13.0843005776663	3.15832847112396	9.35415446066835
13.0869186047131	3.09403751704888	9.35723726758462
13.0895572679019	3.03054565848556	9.35876738043899
13.0922179711193	2.96783688616432	9.35873903046793
13.094902146788	2.90589611285438	9.35714482075497
13.0976112606253	2.84470910489246	9.35397573770252
13.1003468165285	2.78426241979969	9.34922115357695
13.103110361632	2.72454334931014	9.34286882036185
13.1059034915796	2.66553986722329	9.33490485504365
13.1087278560567	2.60724058156929	9.32531371634946
13.111585164632	2.5496346906416	9.31407817285742
13.1144771929578	2.49271194250973	9.30117926230176
13.1174057893873	2.43646259767554	9.286596241798
13.120372882066	2.38087739458209	9.27030652861572
13.1233804865658	2.32594751772559	9.25228563102596
13.126430714132	2.27166456815951	9.2325070686467
13.1295257806265	2.21802053621654	9.21094228160183
13.1326680162529	2.16500777631048	9.18756052769617
13.1358598761668	2.11261898371671	9.16232876669068
13.1391039520792	2.06084717326915	9.13521153063939
13.1424029849787	2.00968565995426	9.10617077912263
13.1457598791102	1.95912804143148	9.07516573808385
13.1491777173647	1.90916818256665	9.04215272085243
13.1526597782526	1.85980020213405	9.00708492982093
13.1562095546498	1.81101846192773	8.96991223715174
13.1598307745281	1.76281755862948	8.93058094283257
13.1635274238978	1.71519231891641	8.88903350840724
13.1673037722103	1.66813779846543	8.84520826481421
13.1711644004826	1.62164928573792	8.79903909302539
13.1751142324103	1.57572231172261	8.75045507667055
13.179158568734	1.53035266720167	8.69938012667513
13.1833031250925	1.48553642961532	8.64573257930024
13.1875540735402	1.44127000227466	8.58942477110072
13.1919180877894	1.39755016956738	8.53036259756762
13.1964023920455	1.35437417298894	8.46844506711584
13.2010148129845	1.31173981440827	8.40356386936672
13.2057638339136	1.26964559506576	8.33560298743785
13.2106586493734	1.22809090155222	8.26443839972829
13.2157092172352	1.1870762536096	8.18993793964325
13.2209263035411	1.14660363320945	8.11196141482744
13.2263215126468	1.10667692014396	8.03036113476301
13.2319072913112	1.06730246628757	7.94498306207082
13.2376968897781	1.02848984834417	7.85566889425266
13.2437042551417	0.990252846034831	7.76225950396515
13.2499438220347	0.952610696420332	7.66460031811791
13.2564301531281	0.915589669587391	7.56254938838313
13.2631773686598	0.87922498574684	7.45598906141468
13.270198294642	0.843563031936075	7.34484221023542
13.2775032628717	0.808663714874589	7.22909377376218
13.285098528447	0.774602582958766	7.10881760756079
13.2929843534057	0.741472065605996	6.98420706475521
13.3011529542178	0.709380877788276	6.85560514514589
13.3095867116739	0.678450498913087	6.7235268920663
13.3182572177884	0.648807935518101	6.58866443187912
13.3271257456207	0.620574929329072	6.45186597459397
13.3361454488139	0.593855216792296	6.31408594920716
13.3452650587935	0.56872268685224	6.17631303562585
13.3544332990037	0.545213449442378	6.03949145780307
13.3636029958176	0.52332362811717	5.90445333306873
13.3727340616122	0.503012773297054	5.77187482333033
13.3817949990654	0.484211218005338	5.64225981264041
13.3907630455563	0.46682910884952	5.51594687107234
13.3996233526183	0.450765167508653	5.39313126071128
13.408367652786	0.435913995409511	5.27389361485529
13.4169927829288	0.422171479206762	5.15822900028436
13.4254993017916	0.409438366255368	5.04607267209283
13.4338903201265	0.397622334284787	4.93732097666657
13.4421705778398	0.386638948213943	4.83184725354979
13.4503457541768	0.376411863204037	4.72951331493697
13.4584219750008	0.366872558930436	4.63017735111094
13.4664054755802	0.357959811469605	4.53369911837918
13.474302380163	0.349619042166614	4.43994315299506
13.482118565958	0.341801631829478	4.34878060382523
13.4898595861606	0.334464252538465	4.26009013082293
13.4975306330353	0.32756824526123	4.17375819325732
13.5051365273035	0.321079056127603	4.08967895520692
13.5126817241441	0.314965734932009	4.00775396389047
13.5201703291342	0.309200494143634	3.92789170458585
13.5276061196404	0.303758323958614	3.85000709953556
13.5349925687095	0.298616657738056	3.77402099328818
13.5423328695791	0.293755081895812	3.69985965013375
13.5496299596506	0.289155084521395	3.62745427820398
13.5568865432559	0.284799837494761	3.55674058763709
13.5641051128663	0.280674007421115	3.48765838568233
13.5712879685988	0.276763591300331	3.42015120885632
13.5784372359993	0.273055773401621	3.35416599065554
13.5855548821623	0.269538800318281	3.28965276246663
13.5926427302851	0.266201871622117	3.22656438492408
13.5997024727787	0.263035043922682	3.16485630686174
13.6067356830624	0.260029146466624	3.1044863490727
13.6137438261694	0.257175706693319	3.0454145102548
13.6207282682825	0.254466884400525	2.98760279272826
13.6276902853138	0.251895413374366	2.93101504573799
13.6346310706297	0.249454549506965	2.87561682437872
13.6415517420136	0.247138024567481	2.82137526239492
13.64845334795	0.244940004912372	2.768258957306
13.6553368733032	0.242855054522072	2.71623786648702
13.6622032444575	0.240878101836936	2.66528321299616
13.6690533339753	0.239004409937885	2.61536740008371
13.6758879648275	0.237229549678757	2.56646393344369
13.682707914239	0.235549375429756	2.51854735038048
13.6895139171923	0.233960003136063	2.47159315516074
13.6963066696235	0.232457790433827	2.42557775990645
13.7030868313425	0.231039318598475	2.38047843045976
13.709855028707	0.229701376128355	2.3362732367161
13.7166118570734	0.228440943790911	2.2929410069795
13.7233578830482	0.227255180979458	2.25046128594436
13.7300936465587	0.226141413246694	2.20881429595207
13.7368196627618	0.225097120896716	2.16798090120971
13.7435364238059	0.224119928530937	2.1279425746921
13.7502444004593	0.22320759545516	2.08868136747842
13.7569440436196	0.222358006865396	2.05017988030113
13.7636357857137	0.221569165739088	2.01242123710811
13.7703200419995	0.220839185366336	1.97538906045963
13.7769972117777	0.22016628246271	1.93906744859992
13.7836676795231	0.219548770811356	1.90344095405936
13.7903318159422	0.21898505538756	1.8684945636575
13.7969899789629	0.218473626923681	1.83421367979003
13.8036425146649	0.218013056876657	1.80058410289398
13.8102897581535	0.217601992764007	1.76759201499578
13.8169320343846	0.217239153837633	1.73522396425548
13.8235696589432	0.216923327067684	1.70346685042898
13.8302029387811	0.216653363411427	1.67230791117686
13.8368321729174	0.216428174344403	1.64173470915514
13.8434576531052	0.216246728633332	1.61173511982916
13.8500796644675	0.216108049332065	1.58229731995674
13.8566984861063	0.216011210983674	1.55340977669183
13.8633143916867	0.215955337013223	1.52506123726367
13.8699276499993	0.215939597297227	1.49724071919074
13.8765385255032	0.215963205897013	1.46993750099194
13.8831472788516	0.21602541894433	1.44314111336062
13.8897541674024	0.216125532668607	1.41684133077007
13.8963594457161	0.21626288155615	1.39102816348132
13.9029633660425	0.21643683663245	1.3656918499269
13.9095661787977	0.216646803859501	1.34082284944572
13.9161681330349	0.216892222640769	1.31641183534679
13.9227694769076	0.217172564427049	1.29244968828078
13.9293704581303	0.21748733141708	1.26892748990021
13.935971324435	0.217836055347274	1.24583651679058
13.9425723240281	0.218218296365438	1.22316823465589
13.949173706046	0.218633641983828	1.20091429274344
13.9557757210138	0.219081706107252	1.17906651849376
13.9623786213063	0.219562128132377	1.15761691240255
13.9689826616139	0.220074572114718	1.13655764308268
13.9755880994142	0.22061872600013	1.11588104251472
13.9821951954511	0.221194300917944	1.09557960147582
13.9888042142222	0.221801030533164	1.07564596513696
13.9954154244771	0.222438670455438	1.05607292881968
14.0020290997255	0.223106997702745	1.03685343390379
14.0086455187601	0.223805810218008	1.01798056387827
14.0152649661919	0.224534926437064	0.999447540527889
14.0218877330026	0.22529418490664	0.98124772024903
14.0285141171127	0.226083443951209	0.963374590488026
14.0351618638118	0.22690477490403	0.945776033070578
14.0418535265219	0.227761201243033	0.92839110486787
14.0486037034605	0.228655085115991	0.911183307033558
14.0554221724467	0.229588387922752	0.894130790650643
14.0623157816031	0.230562836569608	0.8772205493305
14.0692896029239	0.231580031041601	0.860444938670071
14.0763476415338	0.232641514914718	0.843799576502702
14.0834932742203	0.233748822279806	0.827282071184182
14.0907295218996	0.234903509618103	0.810891249674446
14.0980592198186	0.236107178100206	0.794626688488695
14.1054851246531	0.237361489838196	0.778488428619479
14.1130099826428	0.238668180378516	0.762476802365554
14.1206365736852	0.240029068924566	0.74659232829071
14.1283677406296	0.241446067263383	0.73083564768612
14.1362064094981	0.242921188039403	0.715207486331378
14.144155604192	0.244456552805323	0.699708631690385
14.1522184578889	0.246054400143957	0.684339919539206
14.1603982225073	0.247717094068565	0.669102226374779
14.168698277092	0.249447132855089	0.653996465386185
14.1771221356552	0.251247158426657	0.639023584643317
14.1856734548054	0.25311996639127	0.624184566690015
14.1943560413717	0.255068516823113	0.609480429053488
14.2031738601516	0.25709594587327	0.59491222538023
14.2121310418586	0.259205578294779	0.580481047030277
14.2212318913124	0.261400940968677	0.566188025036647
14.2304808958872	0.263685777520986	0.552034332383587
14.2398827342191	0.266064064124899	0.538021186586992
14.2494422851499	0.268540026587208	0.524149852579905
14.2591646368711	0.271118158822849	0.510421645919602
14.2690550962114	0.273803242825863	0.496837936342823
14.2791191979869	0.27660037024861	0.483400151703938
14.2893627143081	0.27951496570304	0.470109782338132
14.2997916637022	0.282552811897523	0.456968385898569
14.3104123198689	0.285720076719056	0.443977592723448
14.321231219838	0.289023342362378	0.431139111795848
14.3322551712331	0.292469636592873	0.418454737366488
14.3434912582701	0.296066466206915	0.405926356316753
14.3549468460237	0.299821852718774	0.393555956346418
14.3666295823829	0.303744370253614	0.381345635076894
14.378547396972	0.30784318555708	0.36929761016594
14.3907084961497	0.312128099937619	0.357414230532601
14.4031213529914	0.316609592831053	0.345697988790141
14.4157946909192	0.321298866509298	0.334151534977985
14.4287374593589	0.326207891236139	0.322777691668311
14.4419587994691	0.331349449890523	0.311579470495059
14.4554679976084	0.336737180718215	0.30056009010767
14.4692744237821	0.342385616421103	0.289722995482059
14.4833874518516	0.348310217235616	0.279071878418485
14.4978163578199	0.354527394975337	0.26861069890943
14.5125701920624	0.361054524212159	0.25834370685743
14.5276576210139	0.367909935850584	0.248275463348577
14.5430867336451	0.375112887336632	0.23841086032714
14.5588648081891	0.382683502692535	0.228755137057693
14.5749980351944	0.390642674582485	0.219313891196666
14.5914911943067	0.399011919855481	0.210093081632199
14.6083472844749	0.407813179716596	0.201099019519196
14.6255671108152	0.417068556168056	0.192338343200921
14.6431488363649	0.42679997802882	0.183817972083798
14.6610875134947	0.437028793109316	0.175545034192956
14.6793746176237	0.447775288354111	0.167526762318235
14.6979976144608	0.459058147140124	0.159770354640724
14.716939600105	0.470893862218837	0.152282797775634
14.7361790591919	0.483296133230102	0.145070653446361
14.7556897877285	0.496275287813119	0.138139814467032
14.775441022166	0.509837772992968	0.131495240972171
14.7953978032663	0.523985766345384	0.125140693116303
14.8155215825516	0.538716952409177	0.119078480673093
14.835771052836	0.554024498029454	0.113309251900184
14.856103156748	0.569897241644539	0.107831842777534
14.876474203664	0.586320088750215	0.102643202990171
14.8968410111419	0.60327458302423	0.0977384073815475
14.9171619849115	0.620739604253789	0.0931107524022232
14.9373980619605	0.638692133625064	0.0887519280845245
14.9575134615345	0.65710802549603	0.0846522489447957
14.977476214321	0.675962731701618	0.0808009230445981
14.9972584656028	0.695231937285651	0.0771863375366772
15	0.697949578167524	0.0767004547178125
