0	10	5
0.00676532906946571	9.75810201113443	5.23829362676889
0.0120587782332036	9.56212277032169	5.42631342169899
0.0166859204848875	9.38636798937354	5.5913647311502
0.0210182324364114	9.21835092622261	5.74616229309187
0.0252555676526468	9.05105219295402	5.89751819555944
0.0295224427789461	8.87990194461051	6.04958803553798
0.033910712145592	8.70137510785196	6.20531334567779
0.0385032031447571	8.51216641904886	6.36720307611173
0.043392038507608	8.30850188114407	6.53790393099053
0.0487009854154998	8.08524537307037	6.72084426760006
0.0542869351438584	7.84864231674337	6.90997860901016
0.0597646374807839	7.61561331710062	7.09148049859082
0.0649460879838343	7.39487243812778	7.25900323685367
0.069778099526847	7.18923852291714	7.41114549824085
0.074275966001598	6.99840757025043	7.54889080858576
0.0784811896230469	6.82080963412024	7.67403712743148
0.082440291671585	6.65457364754337	7.78844819714256
0.0861960309150564	6.49794329554059	7.89376872592017
0.089784698742134	6.34941568595611	7.99135573950273
0.0932360163937746	6.20775770509037	8.08229591542535
0.0965739688282112	6.07197625247329	8.16744945563061
0.0998178498231139	5.94127635604026	8.24749626749512
0.102983235990444	5.81502083733036	8.3229760602391
0.106082802483197	5.69269606002228	8.39432052738738
0.109126972815128	5.57388447215245	8.46187822086313
0.112124423590697	5.45824322998963	8.52593342329588
0.115082471698329	5.3454878020655	8.58672035223016
0.118007369910553	5.2353794743302	8.64443383338517
0.12090453258584	5.127715838994	8.69923734106786
0.123778708617842	5.02232353629455	8.75126908791385
0.126634114776382	4.91905268708323	8.80064667122295
0.129474539345999	4.81777259231985	8.84747064879674
0.132303423457897	4.71836838331644	8.8918273169276
0.135123925613367	4.62073838825057	8.93379088960816
0.137938973482738	4.52479204136023	8.97342522452339
0.140751306019388	4.43044820618589	9.01078520265028
0.143563508160178	4.33763381723969	9.04591784027387
0.146378039819819	4.2462827686813	9.0788631919338
0.149197260472709	4.15633499632662	9.10965508806061
0.1520234503114	4.0677357123609	9.13832174027539
0.154858828746538	3.98043476175536	9.16488623938687
0.157705570847418	3.89438607652714	9.18936696522605
0.160565822199668	3.80954720931152	9.21177792304035
0.163441712565776	3.72587893171862	9.23212901781961
0.166335368667188	3.64334488597597	9.25042627535335
0.169248926357634	3.56191128066735	9.26667201681346
0.17218454242216	3.48154662315018	9.28086499206555
0.175144406211969	3.40222148260414	9.29300047562371
0.178130751309704	3.32390827872773	9.30307032809484
0.181145867411698	3.24658109193124	9.31106302504478
0.184192112612299	3.17021549152462	9.31696365441161
0.187271926280063	3.09478837890722	9.32075388284925
0.190387842726409	3.02027784316095	9.32241189067402
0.193542505884585	2.94666302675027	9.32191227437548
0.196738685241009	2.87392399925607	9.31922591491122
0.199979293293376	2.80204163722665	9.31431980920077
0.20326740485181	2.730997508323	9.30715686133161
0.206606278552751	2.66077375797089	9.29769562894885
0.209999381023102	2.59135299670769	9.28589001906955
0.213450414218015	2.5227181863233	9.2716889260792
0.216963346564545	2.45485252273356	9.25503580285052
0.220542448682003	2.38773931327806	9.23586815366584
0.224192334627101	2.32136184578216	9.2141169347828
0.227918009840331	2.25570324623703	9.18970584486462
0.231724927266359	2.19074632129125	9.16255048283907
0.235619053509166	2.12647338085517	9.13255734468894
0.239606947395467	2.06286603491274	9.09962262269792
0.243695854004917	1.99990495699712	9.06363076005148
0.247877828280056	1.93780262510804	9.02460618860362
0.252146430787853	1.87672736843837	8.98258437337815
0.256499240788811	1.81677376024051	8.93758029703896
0.260936430657642	1.75799203848299	8.88959363758195
0.265459867494197	1.70040614353823	8.83861274766553
0.27007255583922	1.64402464451834	8.78461758329421
0.27477829738125	1.5888473001139	8.72758180158987
0.279581487455262	1.53486896887329	8.66747423942445
0.284486997460684	1.48208192189658	8.60425994864075
0.289500111300102	1.43047719769468	8.5379009231291
0.294626495996143	1.38004538525677	8.46835661745765
0.299872194225084	1.33077706717756	8.39558432864229
0.305243631243957	1.28266306159753	8.31953949173024
0.310747631640018	1.23569454574547	8.24017592493131
0.316391443168563	1.18986311034074	8.15744604968704
0.322182766089273	1.14516077407348	8.0713011041106
0.328129787125939	1.1015799754333	7.9816913637027
0.33424121762321	1.0591135520511	7.88856638043722
0.340526335758448	1.01775471350494	7.7918752497035
0.346995032849143	0.977497011050942	7.69156691383268
0.353657863915066	0.938334306278359	7.58759051077996
0.360526102732391	0.900260739837312	7.47989577682053
0.367611801668	0.863270700900782	7.36843351273637
0.374927856613346	0.827358797753337	7.25315612385443
0.382488077351864	0.792519829759964	7.13401824539669
0.390307263692075	0.758748760908688	7.0109774658872
0.398401287678076	0.726040695110507	6.88399516280258
0.406787182145443	0.694390853462341	6.7530374662229
0.415483235816904	0.663794553723712	6.61807636790503
0.424509095018921	0.634247192320336	6.47909099491222
0.433885871934591	0.60574422926529	6.33606906862341
0.443636259073197	0.578281176479309	6.18900857151653
0.453784649310051	0.551853590095407	6.03791964543557
0.464357260403288	0.526457067448218	5.88282674592235
0.475122097272784	0.502637945654896	5.72749252313185
0.485772175449114	0.48091561354785	5.5765026295458
0.49615491740466	0.461347924286688	5.4319750227957
0.506214277497624	0.443776556585668	5.29453655307385
0.515946663300637	0.42796974422337	5.16403972979991
0.525373317441946	0.413691304318326	5.03999669896652
0.534524899823254	0.400728372220315	4.92181225162742
0.543433631651954	0.388899094385819	4.80889656440359
0.552129693899981	0.378051746731473	4.70071268634856
0.560639862824274	0.368060819840144	4.59679115926542
0.568987247391285	0.358822516485883	4.49672937568246
0.577191522310571	0.350250619729724	4.40018472383619
0.585269347028946	0.342273021475739	4.30686592710465
0.593234820794096	0.334828924316432	4.21652457171229
0.601099907217882	0.327866630434057	4.12894760816175
0.608874803744725	0.321341808734576	4.04395103447561
0.616568251555267	0.315216138676112	3.96137471345698
0.62418779027939	0.30945624588913	3.88107817907857
0.631739965090165	0.304032862198768	3.80293726487813
0.639230494258004	0.298920157986625	3.72684139752188
0.646664404582978	0.294095207223905	3.65269142075277
0.654046141051325	0.289537555135434	3.58039783910059
0.66137965593888	0.28522886577165	3.50987939289416
0.668668481563685	0.281152632264412	3.44106189488582
0.675915790024395	0.277293936653604	3.37387727402683
0.683124442554477	0.27363924924239	3.30826278398129
0.690297030558354	0.270176259737427	3.24416034336133
0.697435909951895	0.266893734157449	3.18151598193039
0.704543230083253	0.263781392798481	3.12027937261677
0.711620958240642	0.260829805536101	3.06040343348381
0.718670900544474	0.258030301504908	3.00184398712029
0.725694719858688	0.255374890781425	2.94455946747642
0.732693951229438	0.252856196152328	2.88851066615907
0.739670015260297	0.250467393406812	2.83366051174966
0.746624229755389	0.248202158873633	2.77997387692323
0.753557819900506	0.24605462314742	2.72741740910576
0.760471927203625	0.2440193301283	2.67595938116706
0.767367617377381	0.242091200643587	2.62556955925434
0.774245887314937	0.24026550003775	2.5762190853595
0.781107671285507	0.23853780921286	2.52788037260802
0.787953846455425	0.236903998680533	2.48052701157836
0.79478523782394	0.235360205251567	2.43413368622397
0.801602622649283	0.23390281104356	2.38867609818558
0.808406734429248	0.232528424532018	2.34413089846128
0.815198266491156	0.231233863408319	2.30047562554976
0.821977875238309	0.230016139039872	2.25768864930728
0.82874618309345	0.22887244235479	2.21574911986262
0.83550378117432	0.22780013099639	2.17463692102283
0.842251231731692	0.226796717612378	2.13433262767687
0.848989070376387	0.225859859160343	2.09481746676752
0.855717808118391	0.224987347125578	2.05607328145643
0.862437933238348	0.224177098559633	2.01808249815286
0.869149913009236	0.223427147858735	1.98082809611713
0.875854195283964	0.222735639210498	1.94429357938354
0.882551209962744	0.222100819645418	1.90846295077759
0.889241370352598	0.221521032636703	1.87332068782773
0.895925074429928	0.220994712198139	1.8388517203946
0.902602706015941	0.220520377435099	1.80504140985988
0.909274635873659	0.220096627508535	1.77187552973428
0.915941222734359	0.21972213697597	1.73934024755879
0.922602814260491	0.219395651477206	1.70742210798685
0.92925974795144	0.219115983735705	1.67610801694631
0.935912351997872	0.218882009849519	1.64538522679057
0.942560946089908	0.218692665848181	1.61524132235703
0.949205842183854	0.218546944494288	1.58566420785935
0.955847345231838	0.218443892310537	1.55664209454672
0.962485753878333	0.218382606814776	1.52816348906997
0.969121361127205	0.218362233947317	1.50021718249994
0.975754454982681	0.218381965676168	1.47279223994844
0.98238531906733	0.218441037767204	1.44587799074667
0.98901423321999	0.218538727707454	1.41946401914021
0.995641474076329	0.218674352770777	1.39354015546303
1.00226731563459	0.218847268216149	1.36809646775628
1.00889202980894	0.21905686560968	1.34312325380083
1.01551588697261	0.219302571262265	1.31861103353477
1.0221391564931	0.219583844775505	1.29455054182969
1.0287621072614	0.219900177689195	1.27093272160175
1.03538500821729	0.220251092224286	1.24774871723539
1.04200812887253	0.220636140115777	1.2249898682993
1.04863173983393	0.221054901530505	1.20264770353601
1.05525611332798	0.221506984065271	1.18071393510776
1.06188152372891	0.221992021821181	1.15918045308277
1.06850824809185	0.222509674550467	1.13803932014712
1.07513656669296	0.223059626872446	1.11728276652866
1.08176676357806	0.223641587555609	1.09690318512041
1.08839912712167	0.224255288863169	1.07689312679162
1.09503395059814	0.224900485959709	1.05724529587577
1.1016715327666	0.225576956376836	1.03795254582543
1.10831217847151	0.226284499536062	1.01900787502463
1.11495619926073	0.227022936327364	1.00040442275004
1.12160391402277	0.227792108742147	0.982135465272947
1.12825564964535	0.228591879559567	0.964194412094384
1.13492693509618	0.229424061638745	0.946534964439923
1.14164133638089	0.230291815785737	0.929093267199748
1.14841408817124	0.231197603765086	0.911831069741269
1.15525538149311	0.232143463759407	0.894725452619839
1.16217234430995	0.233131185967508	0.877762743748926
1.16917024911783	0.234162426192371	0.860934875045042
1.17625325521118	0.235238780316197	0.844237185514031
1.18342486765844	0.236361833904706	0.827667091042057
1.1906882226212	0.237533195960699	0.811223277038612
1.19804626579999	0.238754522604723	0.794905207796436
1.2055018649819	0.24002753441101	0.778712828171685
1.21305788194648	0.241354029817253	0.762646382211798
1.2207172193445	0.242735896185516	0.746706302953655
1.22848285222398	0.244175119550148	0.730893145551612
1.23635785020919	0.24567379374062	0.715207546791734
1.2443453940688	0.247234129344423	0.69965020067724
1.25244878900532	0.248858462833721	0.684221843805339
1.26067147612891	0.250549266090898	0.668923246712842
1.26901704304173	0.252309156514226	0.653755208864377
1.2774892341281	0.254140907853679	0.638718555868305
1.28609196094228	0.256047461910918	0.623814138060277
1.29482931296253	0.258031941231799	0.609042829932184
1.30370556890591	0.260097662921381	0.594405530089858
1.31272520875561	0.26224815371844	0.579903161548018
1.32189292662956	0.264487166477907	0.565536672247162
1.33121364460839	0.266818698224852	0.551307035723462
1.34069252763896	0.269247009962395	0.537215251891056
1.350334999633	0.271776648438412	0.523262347913362
1.36014676088844	0.274412470102307	0.509449379150676
1.37013380697187	0.277159667513901	0.495777430177858
1.38030244921506	0.280023798502336	0.482247615870025
1.39065933699493	0.28301081841449	0.468861082556812
1.40121148198669	0.286127115840801	0.455619009247518
1.41196628460231	0.289379552262767	0.442522608930708
1.42293156285339	0.29277550613216	0.429573129952786
1.43411558390785	0.296322921968923	0.416771857480877
1.44552709864467	0.300030365154973	0.404120115056053
1.45717537955181	0.303907083207184	0.391619266243676
1.46907026235871	0.307963074437965	0.379270716388392
1.48122219184896	0.312209165059793	0.367075914482052
1.49364227236131	0.316657095965598	0.355036355153777
1.50634232355998	0.321319620625806	0.343153580792297
1.51933494214004	0.326210615792316	0.331429183811811
1.53263357023295	0.331345206998585	0.31986480907384
1.54625257139356	0.336739911204461	0.308462156478913
1.56020731518649	0.342412799368243	0.297222983743556
1.57451427155138	0.348383682254178	0.286149109379837
1.58919111631691	0.354674323423139	0.275242415896836
1.60425684946036	0.361308684135601	0.264504853245845
1.61973192797925	0.3683132058548	0.253938442533921
1.63563841556416	0.375717137219777	0.243545280033764
1.65200015164916	0.383552913821789	0.233327541521788
1.6688429428828	0.391856600939541	0.223287486980945
1.6861947806267	0.400668411668381	0.213427465710472
1.70408608877427	0.410033315746573	0.203749921891489
1.7225500070181	0.42000175801043	0.194257400665708
1.74162271571904	0.430630510028765	0.184952554794718
1.7613438097912	0.441983684382931	0.175838151980131
1.78175673057771	0.454133948686036	0.166917082941021
1.80290926663157	0.467163986337269	0.158192370365787
1.82485413674115	0.481168263957403	0.149667178882369
1.84764967158548	0.496255182517965	0.141344826226028
1.87126211745277	0.512480747261248	0.133261375723314
1.89521618070975	0.529583010587868	0.125583392071009
1.91919432232512	0.547371524181032	0.118390162587399
1.94299281445997	0.565710859414831	0.111706151328335
1.96648591380416	0.584505737178426	0.10552397885154
1.98959962561028	0.603689295469967	0.0998192640940063
2.01229355280833	0.623214429132895	0.0945596602666706
2.03454874677049	0.643047632207823	0.089710105198529
2.05635973877397	0.663164716377513	0.0852357294787066
2.0777293817017	0.683547874095463	0.0811033657188608
2.09866554115624	0.70418368035594	0.0772822459137533
2.11917898793374	0.725061739063283	0.0737442411995047
2.13928206453907	0.746173767542133	0.0704638533407073
2.15898784780283	0.767512976947229	0.0674180794280907
2.17830962833278	0.78907365175093	0.0645862189778707
2.19726059176802	0.810850862919272	0.0619496619026568
2.21585362825075	0.832840270841557	0.0594916779788524
2.23410122312814	0.855037988589261	0.057197218196483
2.25201539891	0.877440485834727	0.0550527325955403
2.26960768937081	0.900044520290232	0.0530460060041846
2.2868891336148	0.922847087887394	0.0511660114017642
2.30387028234321	0.945845385821885	0.0494027797913466
2.32056121138348	0.969036784522451	0.0477472851079732
2.3369715393409	0.992418805890605	0.0461913425931151
2.35311044738417	1.01598910601481	0.0447275191079432
2.3690536428752	1.0398468283728	0.043343369734334
2.38487392222857	1.06409709486405	0.0420282129652727
2.40061653570526	1.08881169455884	0.0407748283684664
2.41630978924346	1.11404153165433	0.0395780762417546
2.43197147003958	1.1398243524012	0.0384340932170699
2.44761279671737	1.16618961138168	0.0373398162940042
2.46324087031022	1.19316156590273	0.0362926980818072
2.47886020417526	1.22076125662927	0.035290534914603
2.49447368268662	1.24900778137005	0.0343313622188414
2.51008316351503	1.27791911748139	0.0334133902086316
2.5256898566514	1.30751265489987	0.0325349638796147
2.54129456323157	1.33780554322453	0.031694537703769
2.55689782617613	1.36881491914771	0.0308906592569248
2.57250002530265	1.40055805685194	0.0301219583034218
2.58810143744794	1.43305246881647	0.0293871392399143
2.60370227453077	1.46631597472629	0.0286849756300508
2.61930270770112	1.5003667499003	0.028014306062312
2.63490288271165	1.53522336061078	0.0273740308656671
2.65050292974962	1.57090479105777	0.0267631094005575
2.66610296977268	1.60743046508002	0.0261805577534473
2.68170311863824	1.64482026459842	0.0256254467303417
2.69730348984096	1.68309454608764	0.0250969000855372
2.71290419637356	1.72227415592035	0.0245940929468265
2.72850535203686	1.76238044513737	0.0241162504137589
2.74410707240602	1.80343528400982	0.0236626463151372
2.7597094755848	1.84546107663945	0.0232326021180416
2.7753126828321	1.88848077576631	0.0228254859846887
2.79091681911531	1.93251789790457	0.0224407119762216
2.80652201362633	1.97759653889679	0.0220777394045981
2.82212840028407	2.02374138995852	0.0217360723354112
2.83773611824016	2.07097775427474	0.021415259245949
2.85334531239992	2.11933156420411	0.021114892844196
2.86895613396797	2.16882939914548	0.0208346100558859
2.88456874102621	2.21949850412177	0.0205740921881936
2.90018329915129	2.27136680913925	0.0203330652802483
2.91579998207806	2.32446294938433	0.0201113006524029
2.93141897241585	2.37881628632565	0.01990861566814
2.94704046242446	2.43445692979607	0.0197248747246781
2.96266465485753	2.49141576113743	0.0195599904907944
2.97829176388124	2.54972445750006	0.0194139254131656
2.99392201607767	2.60941551740052	0.0192866935156801
3.0095556515426	2.67052228765306	0.0191783625197773
3.02519292508913	2.73307899180558	0.0190890563179781
3.04083410756974	2.79712076022694	0.0190189578374834
3.05647948733095	2.86268366201238	0.0189683123361304
3.07212937181675	2.92980473889605	0.0189374311792343
3.08778408933899	2.99852204138524	0.0189266961530424
3.10344399103548	3.06887466736152	0.0189365643788705
3.11910945303948	3.14090280342849	0.0189675739016707
3.13478087888743	3.21464776932653	0.0190203500380469
3.15045870219606	3.29015206578289	0.0190956125818855
3.16614338964403	3.36745942622046	0.0191941839811527
3.18183544429924	3.44661487281447	0.0193169986174658
3.19753540933862	3.52766477746276	0.0194651133412898
3.21324387221491	3.61065692832626	0.0196397194406899
3.22896146933371	3.69564060270363	0.0198421562512556
3.24468889131394	3.7826666471314	0.0200739266500775
3.26042688891762	3.87178756575322	0.0203367147186808
3.27617627974894	3.96305761818283	0.0206324059100764
3.29193795584043	4.05653292830381	0.0209631101154173
3.30771289226453	4.15227160571082	0.0213311880984349
3.3235021569345	4.25033388181449	0.0217392818537796
3.33930692178874	4.35078226301622	0.0221903495522438
3.35512847558997	4.45368170382874	0.0226877058662735
3.37096823861605	4.55909980339181	0.023235068629129
3.38682777957488	4.66710702953953	0.0238366129782147
3.40270883514485	4.77777697544963	0.0244970343774301
3.41861333262776	4.89118665499233	0.0252216222179116
3.43454341630816	5.00741684425638	0.0260163460783749
3.45050147824785	5.12655247844298	0.0268879572081761
3.46649019441437	5.24868311548805	0.0278441084086271
3.48251256726086	5.37390348054535	0.0288934962721481
3.49857197615414	5.50231410902694	0.0300460307506154
3.51467223741214	5.63402211052296	0.0313130383410652
3.53081767618809	5.76914208197519	0.0327075069064921
3.54701321306938	5.90779720647907	0.03424438244379
3.56326446910202	6.05012058477272	0.0359409311870131
3.57957789409211	6.19625686090368	0.0378171846065713
3.59596092459851	6.34636422330218	0.039896490596124
3.61242218020115	6.50061688985217	0.0422062021199409
3.62897170968975	6.65920822405145	0.0447785458757963
3.64562130320454	6.82235468441404	0.0476517297429919
3.66238489276434	6.99030088945224	0.0508713715162533
3.67927907315565	7.16332619970976	0.0544923668668584
3.69632378968819	7.34175339933314	0.0585813686052483
3.71354326202634	7.52596034172728	0.0632201341193108
3.73096724981072	7.71639587607161	0.0685101345534188
3.74863282642376	7.91360212058846	0.0745790469281028
3.76658693185605	8.11824643698042	0.0815901439939541
3.78489016418552	8.33116877653148	0.0897563076292406
3.80362262726507	8.55345445450221	0.0993617443423049
3.82289337642465	8.78655125621632	0.110797220924789
3.84285658701742	9.03246906697932	0.124620629641871
3.86374139032602	9.29414665525423	0.141669139176722
3.88591282744912	9.57619774049606	0.163288821694159
3.91001612261407	9.88666982911479	0.191878001433976
3.93520596935007	10.2136037060519	0.228906592122675
3.95816797897207	10.5115460778329	0.270810902060431
3.97849390826069	10.7729793899832	0.316092493433613
3.99641113565598	10.9996295207931	0.363872440802055
4.01230768068622	11.1960002654983	0.413698046753925
4.02655294425697	11.3667134986143	0.465359011900232
4.0394507496329	11.5157041262668	0.51876628553075
4.05123925803636	11.6461246437268	0.573885631644822
4.06264177063792	11.7659809589781	0.633674769967645
4.07284267769805	11.8670044242611	0.693223130650433
4.08264936149725	11.9577438363143	0.756456838394445
4.09190114415238	12.0368055625145	0.822045827058912
4.10054918682527	12.1042304453004	0.889060253370965
4.10860871884166	12.1607872153648	0.956910512261914
4.11612593164478	12.2075170946617	1.02526043978714
4.12315809684992	12.2454851231429	1.09394562807385
4.12976294663122	12.2756655984284	1.16290935858506
4.13599371506117	12.2989026380646	1.23215743960851
4.14189732400765	12.3159078942926	1.30172863501577
4.14751416878083	12.3272739926924	1.37167642636708
4.15287863014564	12.3334927459383	1.44205840894409
4.15801985048051	12.3349731029242	1.51293056131388
4.16296254611586	12.3320568631144	1.58434449091265
4.16772775448924	12.3250316625406	1.656346417756
4.17233347988098	12.3141413796121	1.72897711935039
4.17679523300256	12.2995943383353	1.80227236543104
4.18112647349582	12.28156972604	1.8762635665477
4.18533896921771	12.2602226040194	1.95097848199417
4.1894430867153	12.2356878259883	2.02644190613946
4.19344802597694	12.20808311465	2.10267629550212
4.19736201059905	12.1775114901102	2.17970232346843
4.20119244251424	12.1440631977908	2.25753936278185
4.20494602863063	12.1078172474007	2.33620590246941
4.20862888521658	12.068842646884	2.41571990858913
4.2122466246304	12.0271993943808	2.49609913881946
4.2158044280128	11.9829392755541	2.57736142050195
4.21930710678886	11.9361065018656	2.65952490088843
4.2227591552273	11.886738216523	2.742608277368
4.22616479584171	11.8348648880836	2.82663101453396
4.22952801906248	11.7805106065193	2.91161355418208
4.232852618335	11.7236932924737	2.99757752374724
4.23614222159207	11.6644248271579	3.08454594829646
4.23940031989129	11.6027111075869	3.17254347100426
4.24263029389117	11.538552029465	3.26159658704187
4.24583543875595	11.4719413978207	3.35173389601776
4.24901898802136	11.402866763356	3.44298637852584
4.25218413692017	11.3313091802656	3.53538770301136
4.25533406565385	11.2572428788963	3.62897457008913
4.25847196310515	11.1806348438985	3.72378710269863
4.26160105151697	11.1014442853275	3.81986929213376
4.26472461271756	11.0196219862658	3.9172695121511
4.26784601655613	10.935109505701	4.0160411161923
4.27096875233259	10.8478382092555	4.11624313646888
4.27409646417181	10.7577280924389	4.21794110855038
4.27723299152091	10.664686350699	4.32120805159693
4.28038241626028	10.568605636728	4.42612564309448
4.28354911834826	10.4693619268419	4.53278563877194
4.28673784251325	10.3668118927419	4.64129160460904
4.28995377933845	10.2607896395401	4.75176105043802
4.29320266526476	10.1511026209176	4.86432808658231
4.29649090773835	10.0375264704381	4.9791467709018
4.29982574422727	9.91979838284175	5.09639538090895
4.30321544757445	9.79760852181702	5.21628194632062
4.30666959589528	9.67058868981412	5.33905153169475
4.31019943426882	9.53829711658628	5.46499600155215
4.31381837014237	9.40019760903211	5.59446739406081
4.31754266901376	9.25563027444607	5.72789669036693
4.32139246004806	9.10376922921575	5.86582092220399
4.32539324028053	8.94355940825745	6.00892367867918
4.32957821927732	8.77361820135425	6.15809818294751
4.33399216450625	8.59207437606625	6.31455065497965
4.33869812881849	8.39628671560671	6.47998105458061
4.3437902679536	8.18230876936136	6.65692746662571
4.34934909194917	7.94681425815986	6.84705701473139
4.35491180350869	7.70985587055256	7.03350124807132
4.36022212163875	7.48308480384264	7.20733107641094
4.36518693177198	7.27111192972949	7.36569878110743
4.36980398261389	7.0744553909182	7.50900070990398
4.37410966493522	6.89180655781218	7.63890409336057
4.37815097001441	6.72129502560147	7.75733349110572
4.38197310573377	6.56106797444494	7.86605297512885
4.38561517366564	6.4095044205063	7.96654133886982
4.38910944397543	6.26526168584438	8.05999011865769
4.39248201256872	6.12725489889461	8.14734370377221
4.39575384865786	5.99461575894509	8.22934745399014
4.39894183156831	5.86664980615604	8.30659127089307
4.40205964037085	5.74279908897235	8.3795452047808
4.40511847059326	5.62261184032645	8.44858720210907
4.40812759375544	5.50571872377088	8.5140242275807
4.4110947873637	5.39181456878112	8.57610817020281
4.41402666309997	5.28064444854876	8.63504778128288
4.41692891700276	5.17199309517494	8.69101764690096
4.41980652068209	5.06567683995969	8.74416496280061
4.42266386825978	4.9615374492356	8.79461468509608
4.42550489014123	4.8594373791469	8.84247347900927
4.42833314191983	4.75925609333634	8.88783277435951
4.43115187458408	4.66088717943169	8.93077115298812
4.43396409060529	4.56423606896941	8.97135623248266
4.43677258930654	4.46921821621277	9.0096461665416
4.43958000404745	4.37575762865159	9.04569085051353
4.44238883312467	4.28378566931423	9.07953289764559
4.44520146582168	4.19324007104752	9.11120843489392
4.44802020469989	4.10406411761364	9.14074775498954
4.4508472849712	4.01620595727117	9.16817585253212
4.45368489160666	3.92961802251148	9.19351286528724
4.45653517469856	3.84425653557728	9.21677443693787
4.45940026349165	3.76008108385144	9.23797201382532
4.46228227942429	3.67705425256921	9.25711308537609
4.46518334846495	3.5951413048644	9.27420137571194
4.4681056129897	3.51430990111757	9.28923699220843
4.47105124341795	3.43452985108296	9.30221653537599
4.47402244980546	3.35577289344166	9.31313317329518
4.47702149358246	3.27801249834055	9.32197668287273
4.48005069962113	3.2012236891902	9.3287334593437
4.48311246881878	3.12538288055321	9.33338649468428
4.48620929139165	3.05046772938938	9.33591532488204
4.48934376108881	2.97645699725902	9.33629594530536
4.49251859055685	2.90333042133814	9.33450069268883
4.49573662811518	2.83106859228034	9.33049809147762
4.49900087623918	2.75965283707765	9.32425266141613
4.5023145120973	2.689065105131	9.31572468228723
4.50568091054933	2.6192878557404	9.3048699105613
4.50910367009122	2.55030394516238	9.29163924134194
4.51258664233042	2.48209651125207	9.27597830732386
4.51613396570125	2.41464885349716	9.25782700441338
4.51975010428972	2.34794430594471	9.23711893107543
4.52343989284286	2.28196610009469	9.21378072519364
4.52720858930352	2.21669721425079	9.18773127803045
4.53106193655859	2.15212020502984	9.15888079943235
4.53500623554479	2.08821701566579	9.12712970129587
4.53904843246393	2.02496875429947	9.09236725686178
4.5431881550426	1.96247499434294	9.05454588251929
4.54741666965028	1.90094819165016	9.01371152309828
4.55173007895344	1.84050972274091	8.96988702686348
4.55612760087501	1.78122588846042	8.92307784776735
4.56061047553738	1.72313013668269	8.87327653827071
4.56518128289631	1.66623658483169	8.82046610667934
4.56984352319883	1.61054816751781	8.76462244468984
4.5746013636371	1.55606150754152	8.70571604731153
4.57945948949358	1.50276980653746	8.64371321852667
4.58442302092137	1.45066454586169	8.57857691538161
4.58949747111498	1.39973647599861	8.51026734476354
4.59468873084955	1.34997618224429	8.43874239564036
4.60000307014275	1.30137439911218	8.36395796561997
4.60544715139644	1.25392217647736	8.28586822333759
4.61102805061778	1.20761095882367	8.20442583602177
4.61675328471569	1.16243261404073	8.11958218331456
4.62263084373916	1.11837943334769	8.03128757295682
4.62866922746964	1.07544411506755	7.93949147048231
4.63487748612405	1.03361973971859	7.84414275299936
4.64126526514463	0.992899740778659	7.74518999605967
4.64784285419448	0.953277873645511	7.64258180223227
4.65462124057083	0.914748184245455	7.53626718012283
4.66161216730996	0.877304978124849	7.42619598307683
4.66882819629702	0.840942790511096	7.31231941759487
4.67628277671589	0.805656357643746	7.19459063251482
4.68399031918025	0.77144058958778	7.07296540124158
4.69196627587526	0.738290544712868	6.94740291070163
4.70022722700668	0.706201406032635	6.81786667224038
4.70879097379486	0.675168459634408	6.68432557133464
4.71767663815612	0.645187075485879	6.54675507471798
4.72690476907266	0.616252690976925	6.40513861525608
4.73649745544826	0.588360797640865	6.25946917657627
4.74647844496182	0.561506931598607	6.10975110093251
4.75687326803668	0.535686668380689	5.95600214490751
4.76762751413771	0.511074908697496	5.7994375298605
4.77835934032247	0.488452542112162	5.64587523088356
4.7888642652629	0.468016492180867	5.49825912421302
4.7990560074649	0.449665245635236	5.35767800297485
4.80891565596272	0.433180299602754	5.22420477406301
4.81845791957597	0.418319513869031	5.09743496402166
4.82771158353893	0.404857450753377	4.97678734687571
4.8367092328078	0.392598781402413	4.86165494619916
4.84548234322453	0.381379627831956	4.75147236863108
4.85405925709809	0.37106427325123	4.64573993725685
4.86246461281537	0.361540624665427	4.54402714565016
4.87071945240393	0.35271581803042	4.4459672135694
4.87884160483837	0.344512440509883	4.35124859042464
4.8868461465625	0.336865453132337	4.25960612766489
4.8947458479625	0.329719748139067	4.17081305753273
4.90255156919425	0.323028232507169	4.08467414612514
4.91027259546368	0.316750329420692	4.00102003739546
4.91791691400878	0.310850804667316	3.91970266212563
4.92549143982361	0.305298843137558	3.84059154339324
4.9330021983857	0.30006731724072	3.76357083248257
4.94045447325862	0.295132202777546	3.68853692923554
4.94785292543042	0.290472108579686	3.61539656554367
4.95520169009175	0.286067894453827	3.54406525433249
4.96250445547004	0.281902358164612	3.47446602683839
4.96976452739605	0.277959976824671	3.4065283977568
4.9769848825047	0.27422669151884	3.3401875112013
4.98416821235024	0.270689726573853	3.2753834308676
4.99131696022477	0.267337436822359	3.21206054589285
4.99843335208531	0.264159177669943	3.15016707013816
5.00551942269609	0.261145193880601	3.08965461741897
5.01257703786076	0.25828652384098	3.03047783889884
5.01960791343943	0.255574916713395	2.9725941117083
5.02661363170537	0.253002760391081	2.91596327005489
5.03359565548696	0.250563018562291	2.86054737180405
5.04055534045496	0.248249175499233	2.80631049485161
5.0474939458478	0.246055187433107	2.75321855866288
5.05441264387408	0.243975439572418	2.70123916718832
5.06131252798937	0.242004707979267	2.65034147003051
5.06819462021003	0.240138125645898	2.60049603927015
5.07505987759979	0.238371152217715	2.55167475978886
5.0819091980424	0.236699546894199	2.50385073127529
5.08874342539571	0.235119344109382	2.45699818038589
5.09556335410791	0.233626831651821	2.41109238176581
5.10236973336416	0.232218530932479	2.36610958682817
5.10916327082221	0.2308911791496	2.32202695935047
5.11594463598673	0.229641713133806	2.27882251708028
5.12271446326553	0.22846725468551	2.23647507865475
5.1294733547447	0.227365097241242	2.19496421523229
5.13622188271479	0.226332693726311	2.15427020631491
5.14296059197598	0.225367645469059	2.11437399930708
5.14969000194668	0.22446769206724	2.07525717241473
5.15641060859684	0.223630702110213	2.03690190053728
5.16312288622467	0.222854664671982	1.99929092384799
5.16982728909335	0.222137681499965	1.96240751879408
5.17652425294231	0.221477959832904	1.92623547127991
5.18321419638581	0.220873805788751	1.89075905182347
5.18989752221056	0.220323618269899	1.8559629925001
5.19657461858232	0.219825883338769	1.82183246550839
5.20324586017085	0.219379169021792	1.78835306321053
5.20991160920113	0.21898212050419	1.75551077951591
5.21657221643849	0.218633455681853	1.7232919924901
5.22322802211393	0.218331961040021	1.69168344808367
5.22987935679593	0.218076487831524	1.66067224488617
5.23652654221393	0.217865948530007	1.63024581982001
5.24316989203848	0.217699313535986	1.60039193469722
5.24980971262264	0.217575608115693	1.57109866356993
5.25644630370854	0.217493909554594	1.54235438081159
5.26307995910309	0.217453344509161	1.51414774987221
5.26971096732613	0.217453086542011	1.48646771265598
5.27633961223431	0.217492353826891	1.4593034794744
5.28296617362368	0.217570407011254	1.43264451953231
5.2895909278138	0.217686547225248	1.4064805519079
5.2962141482158	0.217840114226981	1.38080153699128
5.30283610588709	0.218030484674819	1.35559766834922
5.30945707007483	0.218257070518316	1.3308593649863
5.31607730875034	0.218519317500116	1.30657726397543
5.32269708913671	0.218816703761862	1.2827422134328
5.32931667823143	0.219148738547775	1.25934526581432
5.33593634332607	0.219514961000128	1.23637767151254
5.34255635252478	0.219914939041385	1.2138308727347
5.34917697526353	0.220348268338243	1.19169649764404
5.35579848283185	0.220814571343267	1.16996635474793
5.36242114889863	0.221313496410236	1.14863242751755
5.36904525004408	0.221844716979669	1.12768686922512
5.37567106629914	0.222407930831401	1.10712199798569
5.38229888169439	0.223002859401372	1.08693029199132
5.38892898481997	0.223629247160135	1.06710438492662
5.39556166939838	0.224286861050876	1.0476370615552
5.40219723487181	0.224975489985015	1.02852125346739
5.40883598700581	0.225694944393725	1.00975003498036
5.41547823851117	0.226445055833974	0.99131661918226
5.42212430968582	0.22722567664792	0.973214354112564
5.4287755458589	0.228036805966307	0.955434026661143
5.4354607130603	0.228882008433856	0.937895517348804
5.442198174358	0.229763989074933	0.920550905468578
5.44900001541682	0.230684927979526	0.903371464332258
5.45587451213208	0.23164669206165	0.88634001228903
5.46282762817292	0.232650971224696	0.869446351487735
5.46986393253043	0.23369936711382	0.852684524598155
5.47698716547885	0.234793451797799	0.836051156328597
5.48420058957176	0.235934807289864	0.819544447694158
5.49150720853219	0.23712505286646	0.803163565082138
5.49890990473531	0.238365864662079	0.786908268835796
5.50641152647805	0.239658990439098	0.770778687413293
5.51401494429865	0.241006261418787	0.754775180115156
5.52172308827045	0.242409602408058	0.738898253726994
5.52953897366577	0.243871041037272	0.723148511992324
5.53746571958657	0.245392716655402	0.707526625080122
5.54550656342588	0.246976889257286	0.692033311232608
5.5536648729523	0.248625948709468	0.676669325835982
5.56194415714691	0.250342424474268	0.661435455018592
5.57034807651265	0.252128995991929	0.646332512014945
5.57888045332444	0.253988503858844	0.631361335224353
5.58754528213469	0.255923961930142	0.616522787313424
5.59634674075571	0.257938570473516	0.60181775496748
5.605289201886	0.260035730505894	0.587247149051767
5.61437724551676	0.262219059453946	0.572811905038121
5.62361567223934	0.264492408292756	0.558512983610477
5.63300951756901	0.266859880333923	0.544351371397809
5.64256406740174	0.269325851854847	0.530328081804514
5.65228487472632	0.271894994785195	0.516444155921427
5.66217777772427	0.274572301694863	0.502700663508731
5.6722489194022	0.277363113360784	0.489098704047074
5.68250476891704	0.280273149228202	0.475639407856379
5.69295214477286	0.283308541126623	0.462323937283951
5.70359824008928	0.286475870652472	0.4491534879649
5.71445065016604	0.289782210690872	0.436129290158965
5.72551740259672	0.29323517161958	0.423252610168676
5.73680699021715	0.296842952820748	0.410524751844529
5.74832840721165	0.300614400223232	0.397947058183574
5.76009118874337	0.30455907071244	0.385520913028523
5.77210545452528	0.308687304379679	0.37324774287525
5.78438195680618	0.31301030574276	0.361129018797394
5.79693213331337	0.31754023525953	0.349166258497651
5.80976816577197	0.322290312682388	0.337361028496415
5.82290304471245	0.327274934072577	0.325714946469515
5.83635064138468	0.332509804618021	0.314229683748123
5.85012578772276	0.338012089789964	0.302906967995382
5.86424436545259	0.343800587847094	0.291748586075965
5.87872340560913	0.349895927270506	0.280756387136732
5.89358119993723	0.356320793413498	0.26993228591887
5.90883742589639	0.363100189507872	0.259278266324512
5.92451328728383	0.370261738223153	0.248796385263828
5.94063167284205	0.377836031278231	0.238488776812186
5.95721733564075	0.385857036222718	0.228357656711161
5.97429709653385	0.394362571523972	0.218405327252238
5.99190007561152	0.403394863628169	0.208634182588086
6.01005795632131	0.4130012028583	0.199046714523687
6.028805287854	0.423234719065447	0.189645518848614
6.04817983252161	0.434155303124456	0.180433302282994
6.06822296625243	0.445830707014188	0.171412890123757
6.0889801420598	0.458337863823566	0.162587234695691
6.11050142850167	0.471764480230324	0.153959424734789
6.13284213785342	0.486210968707734	0.145532695861471
6.15606356212662	0.501792806173669	0.137310442340939
6.179888628971	0.518398200955933	0.12940680577705
6.20391051542498	0.535795861255519	0.121948182417398
6.22786206738207	0.553819397782244	0.114988086788167
6.25157451016388	0.572351132346999	0.108535732767018
6.27494550142478	0.591308431982569	0.102575415712473
6.29791635548141	0.610633262968762	0.0970787027641424
6.32045652596468	0.630284613088833	0.0920117089788052
6.3425533156031	0.650233158561469	0.0873392463051915
6.36420516706885	0.670457578775985	0.0830270680683832
6.38541733755107	0.690942037856374	0.0790429897830552
6.40619913271072	0.711674474722336	0.075357365396079
6.42656214980671	0.732645445815451	0.0719432053914286
6.44651916946632	0.753847342393712	0.0687761046982649
6.46608346250697	0.77527386035288	0.065834077128038
6.48526836150211	0.796919639790686	0.0630973509248485
6.50408700078318	0.818780018531116	0.0605481553756686
6.52255216332408	0.840850862181864	0.0581705141875874
6.54067619522418	0.863128445680316	0.0559500532198024
6.55847096273815	0.885609369592346	0.0538738256136967
6.57594783588399	0.908290499983885	0.0519301548928373
6.5931176884545	0.931168924391207	0.0501084953242082
6.60999090795306	0.954241918884524	0.0483993082270987
6.62657741133297	0.97750692286272	0.0467939526870973
6.64288666392588	1.00096151931113	0.0452845891063685
6.65893565578549	1.02461528581604	0.0438634052029894
6.67482188743811	1.04860269793063	0.0425166359627467
6.69060564956887	1.07301378010942	0.0412352433357712
6.70632452261733	1.0979108788849	0.0400129952416182
6.72200206009202	1.12333894975783	0.0388453598907563
6.73765308479114	1.14933198371917	0.0377288571359806
6.75328695818386	1.17591707185637	0.0366606728432915
6.76890961442226	1.20311699740803	0.0356384273339891
6.78452483218165	1.23095189822929	0.034660035151186
6.80013503253653	1.25944033765646	0.0337236193915252
6.81574178058746	1.2885999969201	0.0328274588231572
6.83134610130969	1.31844812467809	0.0319699547909187
6.84694867865303	1.34900183037534	0.0311496101124928
6.86254998117195	1.38027827708193	0.0303650152747351
6.87815034137906	1.41229480961113	0.0296148391015512
6.89375000593161	1.44506904098344	0.0288978221848297
6.90934916742645	1.47861891211313	0.0282127720450686
6.92494798459374	1.51296273431882	0.0275585593958548
6.94054659517063	1.54811922086029	0.0269341151326292
6.95614512415547	1.58410751151031	0.0263384278151742
6.97174368914615	1.62094719275597	0.0257705415035421
6.98734240383886	1.6586583153112	0.02522955386196
7.00294138036662	1.69726141003364	0.0247146144786374
7.01854073090765	1.73677750295917	0.0242249233698622
7.0341405688361	1.77722812992345	0.0237597296494139
7.04974100958792	1.81863535108232	0.0233183303522681
7.06534217135246	1.86102176554228	0.0229000694066781
7.08094417566057	1.90441052624837	0.0225043367521498
7.09654714791531	1.94882535523578	0.0221305676032599
7.11215121789552	1.99429055932712	0.021778241861132
7.12775652025302	2.04083104634173	0.0214468836759427
7.14336319501782	2.08847234187564	0.0211360611652436
7.1589713881222	2.1372406067067	0.020845386294261
7.17458125195226	2.18716265487878	0.0205745149257472
7.19019294593417	2.23826597252078	0.0203231470484604
7.20580663716206	2.29057873745911	0.0200910271949764
7.22142250107387	2.34412983968728	0.0198779450613442
7.23704072218212	2.39894890276222	0.0196837363430998
7.2526614948665	2.45506630620403	0.0195082838044099
7.26828502423611	2.51251320898467	0.0193515185996625
7.28391152706959	2.57132157420066	0.0192134218697032
7.29954123284261	2.63152419503665	0.0190940266381948
7.31517438485282	2.69315472213968	0.0189934200373182
7.3308112414542	2.75624769253921	0.01891174589631
7.34645207741354	2.82083856026564	0.0188492077312378
7.36209718540399	2.88696372884008	0.0188060721800582
7.37774687765234	2.95466058583168	0.0187826729335065
7.39340148775877	3.02396753970565	0.0187794152198873
7.40906137271084	3.09492405921698	0.0187967809105482
7.42472691511613	3.16757071564087	0.0188353343229449
7.44039852568155	3.2419492281739	0.0188957288099969
7.45607664597164	3.31810251288965	0.0189787142382077
7.47176175148251	3.39607473569079	0.0190851454731571
7.48745435507428	3.47591136976831	0.0192159920099144
7.50315501081082	3.55765925815918	0.0193723489082431
7.51886431826376	3.64136668208947	0.0195554492188267
7.53458292734664	3.7270834359025	0.0197666781179914
7.55031154375611	3.81486090950658	0.0200075890055509
7.56605093510957	3.90475217943656	0.020279921864715
7.58180193788447	3.99681210981563	0.0205856242360643
7.59756546528244	4.09109746473388	0.0209268752213602
7.61334251616368	4.18766703383757	0.0213061130098827
7.6291341852238	4.2865817732592	0.0217260665131852
7.6449416746174	4.3879049644266	0.0221897918075387
7.66076630727216	4.49170239378739	0.022700714221932
7.67660954218553	4.59804255709654	0.0232626770797173
7.69247299205522	4.70699689266756	0.0238799983121471
7.70835844366819	4.81864004892143	0.0245575364229237
7.72426788156424	4.93305019272961	0.0253007676086024
7.74020351560474	5.05030936650547	0.0261158762489027
7.75616781322113	5.17050390383636	0.027009861498479
7.77216353730142	5.29372491578443	0.0279906633707915
7.78819379090705	5.42006886297193	0.0290673125504767
7.80426207031522	5.54963823242026	0.0302501092647561
7.82037232827533	5.68254234312423	0.0315508379722536
7.8365290498855	5.8188983109214	0.0329830265084243
7.85273734418154	5.95883221193776	0.0345622608295528
7.86900305545166	6.102480495577	0.0363065698642453
7.88533289954121	6.24999171386294	0.0382368995650364
7.90173463213159	6.40152865569772	0.0403777015739856
7.91821725837775	6.55727100488335	0.0427576707573901
7.93479129668854	6.717418683569	0.0454106784230746
7.95146911433391	6.88219610433934	0.0483769661775165
7.9682653597569	7.05185764431683	0.051704692090178
7.98519752725375	7.22669478946991	0.0554519609816219
8.00228670623653	7.40704560365462	0.0596895324241268
8.019558593365	7.59330750106878	0.0645044976064985
8.03704488814657	7.78595482537855	0.0700053749502014
8.0547852636487	7.98556361709241	0.0763293415507637
8.07283022805511	8.19284748044716	0.0836527852670966
8.09124541978165	8.40871125129935	0.092207219679159
8.1101183175774	8.63433454542245	0.102304264110107
8.12956925359575	8.87130834999548	0.11437682495959
8.14977065329487	9.12187264981801	0.129051328283247
8.17098351427842	9.38936500213216	0.147285110217082
8.19363482289731	9.67916842910414	0.17065846884821
8.2185117958856	10.0010807831661	0.202106363137834
8.24383208148721	10.3305363452452	0.242024661963025
8.26507954692897	10.6061568163288	0.283422274056222
8.28430118236022	10.8528043991219	0.32861348314411
8.30146641115975	11.0690494815962	0.376551345090994
8.31681936700737	11.2576198559269	0.426675504084137
8.33065063723328	11.4221625796568	0.478711778431639
8.34321989725376	11.5660669974333	0.532535168952023
8.35473946029301	11.6921662372546	0.588091917563969
8.36589226139616	11.8079480948832	0.648274966152341
8.37586804330006	11.9053329072267	0.708077560181488
8.38545016550508	11.9925574059981	0.771396730183846
8.39449466635772	12.0684331702796	0.836975218817452
8.40295957857523	12.1330656832546	0.903939504866156
8.41086104741423	12.1872097471649	0.971737143332978
8.41824322943036	12.2318588270727	1.04005309983291
8.4251602628727	12.2680219146546	1.10873282497341
8.43166662227502	12.2966209797847	1.17772245564352
8.43781259353496	12.3184558472775	1.24702677517193
8.44364260273886	12.3342024783324	1.3166816693008
8.4491950058029	12.3444254462405	1.38673709145041
8.45450254788716	12.3495947528139	1.45724711315548
8.45959307108973	12.3501024211106	1.52826451060116
8.46449026061288	12.3462770620723	1.59983813278083
8.46921433482457	12.3383959510365	1.67201190323349
8.47378264444255	12.326694737686	1.7448247319096
8.4782101753339	12.3113751268946	1.81831089610022
8.48250996245224	12.2926109079725	1.8925006306938
8.48669342716071	12.2705526772518	1.96742078127784
8.49077065089531	12.2453315425955	2.04309544254061
8.4947505970576	12.2170620402247	2.11954654523378
8.49864129133011	12.1858444428997	2.19679437828064
8.50244996882999	12.1517665963927	2.27485804530484
8.50618319489635	12.1149053880489	2.35375586123172
8.50984696492759	12.0753279257502	2.43350569736101
8.51344678755573	12.0330924862644	2.51412528406011
8.51698775454135	11.9882492773852	2.59563247995882
8.52047460006124	11.9408410472899	2.67804551580834
8.52391175150583	11.890903566236	2.76138322031926
8.52730337347294	11.8384659993813	2.84566523448925
8.5306534063131	11.7835511846076	2.93091222025575
8.53396560032676	11.7261758253509	3.01714606880251
8.53724354651982	11.6663506052941	3.10439011352588
8.54049070467724	11.6040802291198	3.19266935253158
8.54371042940594	11.5393633911828	3.28201068558921
8.54690599472039	11.4721926717831	3.37244317072617
8.55008061769254	11.4025543585809	3.46399830611088
8.55323748165843	11.3304281884681	3.55671034358114
8.55637975946586	11.2557870027724	3.65061664115868
8.55951063726003	11.1785963058826	3.74575806321294
8.56263333933895	11.0988137140716	3.84217943867997
8.56575115467038	11.0163882772568	3.93993009002268
8.56886746575147	10.9312596513855	4.03906444860058
8.57198578062024	10.8433570927053	4.13964277602758
8.5751097690038	10.7525982368452	4.24173201625778
8.57824330382996	10.6588876146889	4.34540681000599
8.58139050965908	10.5621148424188	4.45075071233649
8.58455582004755	10.462152403369	4.55785766679276
8.58774404648447	10.3588529122364	4.66683380669833
8.59096046242756	10.2520457144665	4.777799678349
8.59421090722269	10.1415326201938	4.89089301497331
8.59750191651153	10.0270824951049	5.00627223961459
8.60084088841341	9.90842431739497	5.12412094755844
8.60423629880249	9.78523814000247	5.24465372782335
8.6076979852185	9.65714313578079	5.36812385084482
8.61123752879139	9.52368148982389	5.4948336145969
8.61486877962678	9.38429622900972	5.62514857392984
8.61860859827605	9.23829993973503	5.75951760921682
8.62247793382046	9.08482931882006	5.89850207928717
8.62650344776431	8.9227767931809	6.04281968921332
8.63072006691529	8.75068317105286	6.19341338625618
8.63517521517977	8.56655996761932	6.35156547548705
8.63993632023384	8.36757472740106	6.51909996225557
8.64510538652254	8.14944104242431	6.69877545027611
8.65065652039426	7.91338035549592	6.88856308956748
8.6561625619123	7.67807642600524	7.07292927191653
8.66139858145754	7.45386754601445	7.24409947575565
8.6662895137507	7.24456410349274	7.39987040590696
8.67084071020322	7.05032359716122	7.54089338626638
8.67509045399287	6.86972966124015	7.6688855095688
8.67908514779337	6.70091952054658	7.78573725925256
8.68286859817797	6.54208917918829	7.89315475104556
8.68647842077178	6.3916740443511	7.99255965781341
8.68994557997591	6.24838246852484	8.08509527742202
8.69329510905784	6.11117162652329	8.17166782872026
8.69654714302591	5.97920638185257	8.2529933558313
8.6997179171709	5.85181789315349	8.32963952404887
8.70282061640618	5.72846782821624	8.40205956205096
8.70586605705811	5.60871942470244	8.47061864780213
8.70886321846398	5.4922148599941	8.53561398269203
8.71181965148535	5.3786578561931	8.59728991521862
8.7147417905222	5.26780041426015	8.65584930387055
8.7176351916448	5.15943271794353	8.71146206978653
8.7205047148749	5.05337543568149	8.76427166569395
8.72335466450658	4.949473823516	8.81440000318032
8.72618889796297	4.84759317742171	8.86195123747229
8.72901091103592	4.74761529768201	8.90701470178145
8.7318239053453	4.64943571492543	8.94966720445262
8.73463084235254	4.55296149245192	8.98997484475061
8.73743448715237	4.45810946754765	9.02799446154262
8.74023744444939	4.36480482981424	9.06377479906387
8.74304218852581	4.27297996043569	9.09735745218466
8.74585108856644	4.18257347529128	9.12877763778501
8.74866643038328	4.09352942876916	9.15806482729957
8.75149043534332	4.00579664541737	9.1852432670125
8.75432527712755	3.91932815418652	9.21033240639644
8.75717309681851	3.83408070569528	9.23334725008871
8.7600360167175	3.75001435720844	9.25429864554321
8.76291615322106	3.66709211323433	9.27319351567412
8.76581562903426	3.5852796120973	9.2900350436933
8.76873658496029	3.50454485071736	9.30482281567309
8.77168119147955	3.42485794127822	9.31755292502011
8.77465166031412	3.34619089458947	9.32821804193633
8.77765025616384	3.26851742582654	9.33680745000158
8.78067930879719	3.19181277901881	9.34330705118719
8.78374122568356	3.11605356719363	9.34769933985941
8.78683850536253	3.04121762550204	9.3499633456193
8.7899737517614	2.96728387497385	9.35007454412134
8.79314968969429	2.89423219479051	9.34800473428506
8.79636918180632	2.82204330113566	9.34372187953222
8.79963524726499	2.75069863079237	9.33718990981202
8.80295108255107	2.68018022770602	9.32836848017984
8.8063200847645	2.61047063072306	9.31721268052299
8.80974587794082	2.54155276064532	9.30367268962125
8.81323234297549	2.47340980459936	9.28769336501503
8.81678365188233	2.40602509549944	9.26921375802998
8.82040430727709	2.33938198406304	9.24816654064373
8.82409918818942	2.27346370039335	9.22447732750028
8.82787360358036	2.20825320153807	9.19806387204027
8.83173335530111	2.1437330006152	9.16883511008799
8.83568481270075	2.07988497199104	9.1366900168527
8.83973500171929	2.0166901254967	9.10151623350305
8.84388120448064	1.95428357016683	9.06328812972911
8.84811544147084	1.89286364010943	9.02204821193265
8.8524343000259	1.83254313532099	8.97781666797933
8.85683731035595	1.77338322794194	8.93059692133649
8.86132591669942	1.71541434481649	8.88037997095122
8.86590283631945	1.65864885611255	8.82714761770136
8.8705716662156	1.60308871230691	8.77087478965418
8.87533664631733	1.54873000565154	8.71153118620467
8.88020252102686	1.49556567448176	8.64908242953985
8.88517446255528	1.44358709251232	8.58349087097353
8.8902580332653	1.39278499171177	8.51471616199897
8.89545917291442	1.3431499884932	8.44271566940387
8.90078420212479	1.29467287479692	8.36744479077373
8.90623983679393	1.24734477055032	8.28885721009748
8.91183321026874	1.20115719495739	8.20690512159302
8.91757190141795	1.1561020907281	8.12153944200593
8.92346396755778	1.11217182143178	8.03271002646595
8.92951798169892	1.06935915387009	7.94036589972734
8.93574307390838	1.02765723244544	7.84445551270314
8.94214897678733	0.987059549590848	7.74492703323047
8.94874607520109	0.947559914614325	7.64172867970082
8.95554546048685	0.909152422311275	7.53480910637204
8.96255898942314	0.871831422123021	7.42411784972582
8.96979934828306	0.835591488297014	7.30960584606659
8.97728012231366	0.800427391333407	7.19122603162322
8.98501587098841	0.766334070923466	7.06893403767798
8.99302220936664	0.733306610562851	6.94268899468018
9.00131589585907	0.701340214037014	6.81245446087894
9.00991492663611	0.670430184015269	6.67819949269842
9.01883863681692	0.640571903048473	6.53989987583698
9.02810780842955	0.611760817339255	6.39753953783824
9.03774478492103	0.583992423741987	6.25111216456778
9.04777359169934	0.557262260551113	6.10062304451115
9.05822006178027	0.531565902750445	5.94609116591227
9.06897136798488	0.50720381836988	5.78958103932028
9.07966984888687	0.48487063219651	5.63652557429316
9.09012810767179	0.464716213287648	5.48960293975064
9.10026990760305	0.446619281819514	5.34975035222517
9.1100814468196	0.430356294293933	5.2169668684852
9.11957961307527	0.415686677512803	5.09081889255951
9.12879381143852	0.402388900279537	4.97071898702407
9.13775649738676	0.390271924175727	4.85606439714821
9.14649870627772	0.379175773511471	4.74629786681054
9.15504825016601	0.368968019572703	4.64092862547217
9.16342925041244	0.359539244486045	4.53953447072761
9.17166228705525	0.350798727584543	4.4417558355508
9.17976479385374	0.342670765504583	4.34728721543051
9.18775151681181	0.335091684918692	4.25586843808877
9.19563495319391	0.328007474879336	4.16727679758328
9.20342573844739	0.321371929891755	4.08132036797301
9.21113297293745	0.315145197561054	3.99783249166992
9.21876449144452	0.309292640396675	3.91666730991642
9.22632708263472	0.303783939360455	3.83769616700207
9.23382666669855	0.298592382964738	3.76080472487818
9.24126843887425	0.293694299022047	3.6858906455826
9.24865698554211	0.289068596546072	3.6128617234598
9.2559963784314	0.284696393234583	3.54163437236499
9.26329025141678	0.280560709933283	3.47213239297425
9.2705418634667	0.276646217943039	3.40428596162158
9.27775415055436	0.272939028365007	3.33803079503813
9.28492976873978	0.269426515169216	3.27330745549393
9.29207113015604	0.266097165541058	3.21006076868106
9.299180433262	0.262940452469615	3.14823933271514
9.30625968843439	0.259946725611157	3.08779510127693
9.3133107397484	0.257107117278439	3.02868302749042
9.32033528362145	0.254413461035455	2.97086075789309
9.32733488485951	0.251858220865293	2.91428836799135
9.33431099053926	0.249434429260172	2.85892813255765
9.34126494207668	0.247135632883187	2.80474432512829
9.34819798576723	0.244955844689738	2.75170304218599
9.35511128203074	0.242889501587191	2.69977204832333
9.36200591355333	0.240931426864773	2.64892063933082
9.36888289248538	0.239076796749998	2.59911952067265
9.37574316682789	0.237321110549302	2.55034069923245
9.38258762611829	0.235660163913769	2.50255738655202
9.38941710650886	0.234090024839397	2.45574391206407
9.39623239531675	0.23260701206832	2.40987564504877
9.40303423511259	0.231207675604843	2.36492892423272
9.40982332740485	0.229888779099886	2.32088099410573
9.41660033596901	0.228647283890921	2.27770994716172
9.42336588986366	0.22748033451275	2.23539467137986
9.43012058616995	0.226385245518451	2.19391480235445
9.43686499248592	0.225359489470295	2.15325067956024
9.44359964920324	0.224400685977894	2.11338330630615
9.45032507159019	0.223506591675849	2.07429431298732
9.45704175170199	0.222675091046076	2.03596592329332
9.46375016013675	0.221904188001134	1.9983809230724
9.47045074765342	0.221191998154564	1.96152263158713
9.47714394666595	0.220536741712607	1.92537487492789
9.48383017262646	0.219936736929009	1.88992196137751
9.49050982530862	0.219390394071001	1.85514865854343
9.49718329000138	0.218896209850132	1.82104017209439
9.50385093862197	0.218452762276547	1.78758212595607
9.51051313075628	0.218058705899642	1.75476054383596
9.51717021463381	0.217712767401809	1.72256183196109
9.5238225280438	0.217413741515398	1.6909727629245
9.53047039919824	0.217160487235967	1.65998046054673
9.53711414754737	0.216951924307589	1.62957238566818
9.54375408455232	0.216787029958302	1.59973632279627
9.55039051441936	0.216664835865932	1.57046036753886
9.55702373479993	0.216584425336371	1.54173291476184
9.56365403746001	0.216544930678094	1.51354264741464
9.57028170892234	0.216545530758195	1.48587852597277
9.57690703108469	0.216585448726592	1.45872977845077
9.58353028181704	0.216663949896255	1.4320858909437
9.59015173554044	0.21678033976844	1.40593659865834
9.59677166379025	0.216933962192868	1.38027187739938
9.60339033576587	0.21712419765374	1.35508193547817
9.61000801886961	0.217350461673248	1.33035720601495
9.61662497923652	0.217612203325018	1.30608833960746
9.62324148225754	0.217908903850592	1.28226619734136
9.62985779309772	0.218240075372673	1.25888184411982
9.63647417721152	0.218605259699417	1.23592654229132
9.64309090085704	0.21900402721459	1.21339174555657
9.64970823161093	0.219435975848888	1.19126909313679
9.65632643888579	0.219900730128131	1.16955040418718
9.66294579445173	0.220397940294504	1.14822767244022
9.66956657296385	0.220927281497333	1.1272930610652
9.67618905249732	0.221488453050299	1.10673889773082
9.68281351509177	0.222081177752282	1.08655766985905
9.68944024730662	0.222705201269352	1.06674202005912
9.69606954078922	0.223360291575724	1.04728474173133
9.70270169285737	0.224046238451758	1.02817877483124
9.70933700709809	0.224762853037352	1.00941720178519
9.71597579398442	0.22550996743935	0.990993243549061
9.72261837151203	0.226287434391777	0.972900255802482
9.72926694518103	0.227095359560631	0.955126748771374
9.73594995532477	0.227937264498953	0.937593576116055
9.74268556845151	0.228815825139664	0.920253394157391
9.74948575028915	0.229733201174845	0.903077822179376
9.75635870302943	0.230691244548959	0.886049887452227
9.7633103448317	0.231691633569802	0.86915951889659
9.77034521648377	0.232735960348932	0.852400836393984
9.77746704072313	0.233825788636756	0.835770511847651
9.78467906915663	0.234962692791848	0.819266775244807
9.79198429863781	0.236148284736897	0.802888810866719
9.79938560719686	0.23738423331157	0.786636390210391
9.80688584034928	0.23867227887769	0.770509648784681
9.81448786682028	0.240014245034744	0.7545089504421
9.82219461546975	0.241412048662101	0.738634804997867
9.83000910072763	0.242867709091404	0.722887818296953
9.83793444108294	0.244383356947712	0.707268662043314
9.84597387345746	0.245961243029034	0.691778055667834
9.85413076523607	0.24760374748741	0.676416755533068
9.86240862507009	0.249313389508862	0.661185548613035
9.87081111316607	0.251092837650485	0.646085248906952
9.87934205152343	0.252944920971517	0.631116695528237
9.8880054344323	0.254872641085742	0.616280751825554
9.8968054394516	0.256879185261372	0.601578305145633
9.90574643903293	0.258967940699308	0.58701026700152
9.91483301292595	0.261142510130115	0.572577573503636
9.9240699614856	0.263406728883355	0.558281185968083
9.93346231999623	0.265764683599834	0.544122091651377
9.94301537412922	0.268220732777717	0.530101304582048
9.95273467665632	0.270779529367644	0.516219866472491
9.96262606555111	0.273446045660193	0.502478847702486
9.97269568362327	0.276225600741927	0.488879348370774
9.98294999984612	0.279123890834418	0.475422499414235
9.99339583255611	0.28214702287503	0.462109463796284
10.0040403747244	0.285301551749879	0.448941437767532
10.014891221525	0.288594521649547	0.435919652202796
10.0259564004528	0.292033512088455	0.423045374019389
10.0372444042774	0.295626689211142	0.410319907682382
10.0487642271541	0.29938286310536	0.397744596803205
10.0605254042623	0.303311551955756	0.385320825838696
10.0725380553833	0.307423054006323	0.373050021898465
10.0848129328963	0.311728528459057	0.360933656669239
10.0973614747313	0.316240086625406	0.348973248465795
10.1101958629016	0.320970894872661	0.33717036441907
10.1233290883258	0.325935291177147	0.325526622813193
10.1367750227596	0.331148917419871	0.314043695584477
10.1505484987812	0.336628869950309	0.302723310996848
10.1646653989231	0.342393871415677	0.291567256509891
10.1791427552186	0.348464467425677	0.280577381857601
10.1939988606369	0.354863252320727	0.26975560235813
10.2092533941284	0.36161512916633	0.259103902477431
10.2249275612972	0.368747610147187	0.248624339672655
10.2410442530669	0.376291164833142	0.238319048544732
10.2576282251332	0.384279625401117	0.228190245333716
10.274706301506	0.392750659908905	0.218240232795475
10.2923076060648	0.401746327240295	0.208471405504284
10.3104638268053	0.41131373052472	0.198886255633192
10.329209518379	0.421505789874397	0.189487379272939
10.34858244966	0.432382160439612	0.180277483361284
10.368624004473	0.444010328410083	0.171259393308491
10.3893796453521	0.456466926163908	0.162436061422361
10.4108994523614	0.469839318935947	0.153810576258872
10.4332387517233	0.484227530040754	0.145386173054053
10.4564588524124	0.49974659108584	0.137166245431851
10.480306575692	0.516302060214333	0.129257258034757
10.5043664358841	0.533659189268912	0.121789648731734
10.528365079583	0.551648889385678	0.114819426809787
10.5521295307091	0.570151492359845	0.108357211149899
10.5755547037752	0.589082946550357	0.102388007629402
10.598580175328	0.608384227053356	0.0968836802601283
10.6211743309433	0.628013637507594	0.0918104085975653
10.6433238414105	0.64794138517947	0.0871329471433728
10.665026796735	0.668145829051539	0.0828169343294828
10.6862882776924	0.688610914410272	0.0788300495851087
10.7071175230784	0.709324430385501	0.0751425090518053
10.7275261300768	0.730276830418794	0.0717271934554191
10.7475269188425	0.75146043443705	0.0685595803123224
10.7671332221647	0.772868888449435	0.0656175796788701
10.7863584462961	0.794496797217255	0.0628813294582021
10.805215804309	0.816339473135391	0.0603329810195639
10.8237181589309	0.838392763163318	0.0579564912842575
10.8418779346195	0.86065292826346	0.0557374291048996
10.859707073217	0.883116558275954	0.0536627991022021
10.8772170168271	0.905780510824693	0.0517208835860695
10.8944187074946	0.928641866629778	0.0499011018713887
10.9113225970525	0.951697896120046	0.0481938856752097
10.9279386629183	0.97494603391602	0.0465905690438855
10.9442764271616	0.99838385887006	0.0450832912286292
10.9603449771543	1.02200907809438	0.0436649110041579
10.9762428816355	1.04595652936051	0.0423215008352405
10.9920334254889	1.07031985718001	0.0410437202582024
11.0077560282835	1.09516367334667	0.0398251622046809
11.0234353838506	1.12053435922463	0.0386611934828003
11.0390870262384	1.14646680369525	0.0375482756525506
11.0547207621612	1.17298866028401	0.0364835617498217
11.0703428050785	1.20012306006716	0.0354646543557034
11.0859571090456	1.22789035076493	0.0344894592065302
11.1015662052592	1.25630921650734	0.0335560958493515
11.1171717278977	1.28539740158076	0.032662842556721
11.1327747451693	1.31517218008683	0.0318081019089483
11.1483759679684	1.34565066224615	0.030990378895349
11.1639758815216	1.37684999556511	0.0302082666330639
11.1795748285282	1.40878749831117	0.0294604367484072
11.1951730617334	1.44148074941858	0.0287456326361602
11.2107707772255	1.47494765038041	0.0280626645175775
11.2263681355769	1.50920646916659	0.0274104056435786
11.2419652753126	1.54427587265198	0.0267877892468319
11.2575623215393	1.58017495174553	0.0261938060020522
11.2731593915179	1.61692324193237	0.0256275018481021
11.2887565983097	1.65454074098614	0.025087976082712
11.3043540532051	1.69304792499337	0.024574379675474
11.3199518673885	1.73246576343488	0.0240859137660983
11.3355501531218	1.77281573381335	0.0236218283280853
11.3511490246298	1.81411983615198	0.0231814209862249
11.3667485988021	1.85640060758351	0.0227640359816291
11.3823489957849	1.89968113718207	0.02236906328154
11.3979503395126	1.94398508114722	0.0219959378336441
11.4135527582082	1.98933667842401	0.0216441389665189
11.4291563848768	2.03576076682625	0.0213131899394014
11.4447613578045	2.08328279972193	0.0210026576458772
11.4603678210758	2.13192886333534	0.0207121524774545
11.4759759251166	2.18172569471929	0.0204413283543772
11.4915858272718	2.23270070045246	0.0201898829325089
11.5071976924221	2.28488197611992	0.0199575579967173
11.5228116936496	2.33829832663922	0.0197441400529571
11.5384280129549	2.39297928750043	0.0195494611332127
11.5540468420366	2.44895514699569	0.0193733998296678
11.5696683831377	2.50625696952163	0.0192158825769589
11.5852928499689	2.56491662004842	0.0190768852041829
11.6009204687175	2.62496678985956	0.0189564347815368
11.6165514791513	2.68644102368027	0.0188546117901134
11.6321861358297	2.74937374832629	0.0187715526475564
11.6478247094351	2.81380030302274	0.0187074526270625
11.6634674882371	2.879756971562	0.0186625692127223
11.6791147797082	2.94728101649239	0.0186372259405347
11.694766912308	3.01641071555606	0.0186318167817555
11.710424237457	3.08718540062482	0.018646811133734
11.726087131725	3.15964549941846	0.0186827594932462
11.7417559992593	3.23383258033155	0.0187402998988169
11.7574312744871	3.30978940074313	0.0188201652419235
11.7731134251254	3.38755995924059	0.0189231915626645
11.7888029555409	3.46718955225561	0.0190503274638962
11.8045004105083	3.54872483568862	0.0192026447995247
11.8202063794213	3.63221389219102	0.019381350818247
11.8359215010207	3.71770630488396	0.0195878019743666
11.8516464687151	3.8052532384232	0.0198235196533534
11.8673820365802	3.89490752847501	0.0200902081027888
11.8831290261395	3.98672378085374	0.0203897749107676
11.8988883340457	4.08075848179522	0.0207243544355772
11.9146609408047	4.17707012110871	0.0210963346649388
11.9304479207076	4.27571933027532	0.0215083880732282
11.9462504531713	4.37676903795547	0.0219635071546829
11.9620698357213	4.48028464584988	0.0224650454444453
11.977907498901	4.58633422844816	0.0230167650035465
11.9937650234467	4.69498876092629	0.0236228915465408
12.0096441601395	4.80632238035326	0.0242881786417655
12.0255468528308	4.92041268648738	0.0250179827276054
12.0414752652524	5.03734108984442	0.0258183510814552
12.0574318123547	5.15719321648674	0.0266961253748933
12.0734191970985	5.2800593812238	0.0276590640805478
12.0894404538448	5.4060351437787	0.0287159878060194
12.1054989997798	5.53522196616408	0.0298769526764577
12.1215986961863	5.66772799430105	0.0311534582506013
12.1377439218652	5.8036689931928	0.032558698247837
12.153939661665	5.94316947327175	0.0341078647450881
12.1701916139499	6.08636405665013	0.0358185196996425
12.1865063220211	6.23339914703486	0.0377110519975621
12.202891336134	6.38443498765966	0.0398092442035892
12.2193554150119	6.53964822018527	0.0421409815262023
12.2359087789561	6.6992350978379	0.044739147321947
12.2525634312399	6.86341556384622	0.0476427664746152
12.2693335711952	7.03243849060086	0.0508984829437609
12.2862361324313	7.20658850064435	0.0545624951534322
12.3032914949619	7.38619498215049	0.058703130156828
12.3205244440531	7.57164421105328	0.0634043275288811
12.3379654874113	7.76339597406523	0.0687704496078219
12.3556527070761	7.96200688897811	0.0749330783855017
12.3736344346613	8.16816400561427	0.0820608828807938
12.3919732422183	8.38273477919819	0.0903744106278349
12.4107521305662	8.60684429333108	0.100169132230453
12.4300845919117	8.84200034892645	0.111853082319105
12.450131980931	9.09030851035777	0.126012106473075
12.4711359310131	9.35487166166914	0.143532030644817
12.4934856238733	9.64061556953548	0.165852690116915
12.5178808340871	9.95628203181757	0.195583169540873
12.5431034241219	10.2848603584591	0.233788628552716
12.5657989937422	10.5800911433341	0.276486133864027
12.5857870191348	10.8375141724495	0.322319413626956
12.6033835248874	11.0601452554077	0.370517468622645
12.6190012286321	11.2529023656857	0.420694191796172
12.633010378163	11.4204715239935	0.472675327271547
12.6457087038075	11.566738135228	0.526389657376256
12.657327430744	11.6947818966024	0.581811176498549
12.6685702524319	11.8123723637532	0.641879463759803
12.6786250771489	11.9113400540095	0.701617608056175
12.6882859593716	12.00007863786	0.764945727442978
12.6974024920417	12.077317720016	0.830575897942329
12.7059300874947	12.1431385848255	0.897610857189985
12.7138845752246	12.198303787901	0.96548242090041
12.7213109313188	12.2438280881073	1.03386651484193
12.7282645302669	12.2807448714789	1.10260427820584
12.7348011229909	12.3099987252661	1.17164049349725
12.7409721453679	12.3324085899222	1.24098024508909
12.746822993222	12.3486658462271	1.31066052522016
12.7523928117732	12.3593472179245	1.38073269086247
12.7577149765239	12.3649321878322	1.45125223460843
12.7628178283142	12.3658201686575	1.52227323336636
12.7677254457377	12.3623455579443	1.59384566101522
12.7724583577577	12.3547902016374	1.66601437942341
12.7770341612262	12.3433934005519	1.73881906186117
12.7814680381366	12.3283598142418	1.81229459486242
12.7857731807544	12.3098656565109	1.88647169181804
12.7899611375265	12.2880635416373	1.96137756830824
12.7940420932996	12.2630862810234	2.03703660009113
12.7980250962119	12.2350498690793	2.11347092653889
12.8019182418263	12.2040558436082	2.19070098617854
12.8057288232079	12.1701931621773	2.26874598392811
12.8094634539593	12.1335397015747	2.34762429607634
12.8131281697963	12.0941634610555	2.42735382179806
12.816728513071	12.0521235300947	2.50795229070631
12.8202696037192	12.0074708663184	2.5894375356183
12.8237561993723	11.9602489179711	2.67182773893699
12.8271927468	11.9104941167349	2.75514166014971
12.8305834264105	11.8582362602149	2.83939885109451
12.833932191189	11.8034987983769	2.92461986493027
12.8372428011985	11.7462990342742	3.01082646420668
12.8405188545617	11.6866482461873	3.09804183307745
12.8437638156973	11.6245517356182	3.18629079854017
12.8469810414684	11.5600088032144	3.27560006561742
12.850173805821	11.49301265252	3.36599847162581
12.8533453234376	11.4235502193162	3.45751726512151
12.856498772898	11.3516019221052	3.55019041578998
12.8596373198298	11.2771413268887	3.64405496249959
12.8627641405415	11.2001347166507	3.73915140802084
12.8658824466631	11.1205405527138	3.83552417060535
12.8689955113763	11.0383088111955	3.93322210483379
12.8721066979016	10.9533801728711	4.03229910703788
12.8752194910325	10.8656850384963	4.13281482439709
12.8783375326778	10.775142333559	4.23483549181604
12.8814646626023	10.6816580558198	4.33843492734101
12.8846049658785	10.5851235048756	4.44369572580121
12.8877628289953	10.4854131139107	4.55071070247639
12.8909430071779	10.382381777683	4.65958465524104
12.8941507063198	10.2758615344681	4.77043653683612
12.8973916841338	10.1656574083562	4.88340216175259
12.9006723768695	10.0515421444671	4.99863761947923
12.9040000604985	9.93324946139616	5.11632363522158
12.9073830591119	9.81046528305962	5.23667122313947
12.9108310191652	9.6828161633818	5.35992913666897
12.9143552775139	9.54985372536904	5.48639387196681
12.9179693663103	9.41103329950731	5.61642338923425
12.9216897233138	9.26568387548828	5.75045640468824
12.9255367208521	9.11296460495649	5.88904031228231
12.9295362088767	8.95179964448234	6.03287301345539
12.933721927677	8.78077641633948	6.18286825713614
12.9381394802861	8.59797835530574	6.34026313035624
12.9428533172579	8.40069128473771	6.50680697235178
12.9479601352105	8.18484102347606	6.68512380177602
12.953504504887	7.94862569676723	6.875637735614
12.9590359919109	7.71170915937386	7.06186619584329
12.9643092901949	7.48533102947585	7.23524313821481
12.9692376439966	7.27383758805051	7.39313422628419
12.9738214795628	7.07762021171479	7.53602662029325
12.9780978332159	6.89532620888685	7.6656112346543
12.9821134527315	6.72508046454221	7.78380754657445
12.9859130100318	6.56504062159797	7.89236536239285
12.9895350409046	6.41360001781128	7.99274835349114
12.9930113163434	6.26942958488949	8.08613497586961
12.9963675230479	6.13145588498583	8.17345918884429
12.9996243059394	5.99881970030932	8.25545834396114
13.0027982911263	5.87083358966386	8.33271629973241
13.005902960808	5.74694495397831	8.40569857452913
13.0089493571267	5.62670608840963	8.47477971437856
13.0119466313497	5.50975074090639	8.54026412003629
13.0149024658521	5.39577609227094	8.60240173198413
13.0178233962362	5.28452901981217	8.66139980589621
13.0207150569589	5.17579565128501	8.71743176672526
13.0235823691466	5.06939340783326	8.77064389765753
13.0264296849957	4.96516491548756	8.82116042840579
13.0292608996417	4.86297331570464	8.8690874384617
13.0320795386303	4.76269862424589	8.9145158792538
13.034888827038	4.66423487822883	8.95752393696909
13.0376917447277	4.56748787886691	8.99817889796198
13.0404910710753	4.47237338744331	9.03653863535479
13.0432894216536	4.37881566881584	9.07265280412764
13.0460892787362	4.28674630367549	9.10656380935029
13.0488930170309	4.19610321050478	9.1383075957763
13.0517029257153	4.10682983265885	9.16791429503718
13.0545212275989	4.01887445665578	9.19540875787849
13.0573500960575	3.93218963565441	9.22081099237142
13.060191670248	3.84673169797376	9.24413652417278
13.063048069014	3.76246032491114	9.265396691236
13.0659214038172	3.67933818543892	9.28459888257038
13.0688137909768	3.59733061788657	9.30174672847089
13.0717273634604	3.51640535064929	9.31684024792663
13.0746642824388	3.43653225545677	9.32987595753825
13.0776267488043	3.35768312789341	9.34084694514237
13.0806170148368	3.27983149076456	9.34974291038361
13.0836373962013	3.20295241660959	9.35655017363983
13.0866902844605	3.12702236621578	9.36125165394998
13.0897781602975	3.05201904041776	9.36382681588055
13.0929036076553	2.97792124279945	9.36425158456466
13.0960693290225	2.90470875116528	9.36249822742615
13.0992781621239	2.83236219582728	9.35853520033029
13.1025330983107	2.76086294287089	9.35232695504774
13.1058373029946	2.69019298062039	9.34383370394298
13.1091941385291	2.62033480752378	9.33301113665481
13.1126071900231	2.55127131961524	9.31981008216873
13.1160802946632	2.48298569558375	9.30417610801525
13.119617575252	2.41546127726767	9.28604904627015
13.1232234788256	2.34868144309146	9.26536243345541
13.1269028214159	2.2826294715363	9.24204284817486
13.1306608402913	2.21728839115762	9.21600912613566
13.1345032553491	2.15264081287987	9.18717142678781
13.1384363417887	2.08866873924118	9.15543011871686
13.1424670167944	2.02535334382849	9.12067444152174
13.1465951695435	1.96279036079047	9.0828542279043
13.1508120525414	1.90119337761253	9.04201528376868
13.1551137571389	1.8406844836152	8.99818027621883
13.1594994918519	1.78133043237045	8.95135443519191
13.1639704887822	1.72316496489316	8.90153004956121
13.168529320889	1.66620239430572	8.84868982845704
13.1731794822179	1.61044579139367	8.79280933216579
13.1779251344231	1.55589187857412	8.73385869436208
13.1827709578492	1.50253393439709	8.67180382903229
13.1877220682954	1.45036350278661	8.60660727492873
13.192783975205	1.39937138749078	8.5382287919876
13.1979625662506	1.34954822081964	8.46662579265113
13.203264109065	1.30088477991059	8.39175366708188
13.2086952644737	1.25337215401186	8.31356604387874
13.2142631078284	1.20700182443141	8.23201501572092
13.2199751564393	1.16176569376664	8.14705135107223
13.2258394019751	1.11765608609207	8.05862470760114
13.2318643472451	1.07466573088799	7.96668385949814
13.2380590471262	1.03278773821179	7.8711769488048
13.2444331536132	0.992015569488157	7.7720517697919
13.25099696512	0.952343006453215	7.66925609504752
13.2577614802478	0.913764119711469	7.56273805206761
13.2647384563046	0.876273237743505	7.45244655965201
13.2719404728969	0.839864916852634	7.33833183421493
13.2793810009417	0.804533912351395	7.22034597716593
13.2870744774497	0.770275151199586	7.09844365576851
13.2950363864272	0.737083706276833	6.97258289131083
13.3032833462079	0.704954772482712	6.84272597000096
13.3118332034728	0.67388364489395	6.70884049369768
13.3207051341226	0.643865699264386	6.57090058936648
13.3299197510299	0.614896375225626	6.42888829795135
13.3394992184965	0.586971162633126	6.28279516509251
13.34946737296	0.560085591602651	6.13262405768053
13.3598498491043	0.534235226895225	5.97839123145115
13.3705954306088	0.509588595993143	5.82127101380046
13.3813204838553	0.48693360100712	5.66713513511856
13.3918193564317	0.466470004820229	5.51895852269046
13.4020051524085	0.448096728363627	5.37784404502655
13.411858701482	0.431594671264553	5.24386873828518
13.4213946412616	0.416720806027169	5.11662734789743
13.4306417711379	0.403248837703185	4.99553586920312
13.4396327212665	0.390982715470328	4.8799840255881
13.4483990181232	0.379757988173145	4.7694032640664
13.4569690495484	0.369438495706633	4.66329113486957
13.4653674910762	0.35991180542179	4.56121479662886
13.4736154134018	0.351084793095621	4.46280554110346
13.4817306667954	0.342879845572957	4.36775023788183
13.4897283430304	0.335231768396046	4.27578244454202
13.497621223182	0.328085331946168	4.1866743294219
13.5054201745731	0.3213933467071	4.1002297778346
13.5131344869451	0.315115158666488	4.01627869831397
13.5207721501264	0.309215471241104	3.93467240176189
13.5283400802765	0.303663418462569	3.85527988359603
13.5358443030006	0.298431830917783	3.77798484150177
13.5432901012399	0.293496649754313	3.70268328164141
13.5506821348214	0.288836454896664	3.62928159110118
13.5580245373925	0.284432081893956	3.5576949782071
13.5653209953692	0.280266308048937	3.48784620295594
13.5725748125862	0.276323593135969	3.41966453671822
13.5797889635594	0.272589863490903	3.3530849038329
13.5869661376456	0.269052330851848	3.28804716824561
13.5941087758938	0.265699339275726	3.22449553649672
13.6012191019957	0.262520234921481	3.16237805464745
13.608299148445	0.259505254601897	3.10164618156169
13.6153507787816	0.256645429854115	3.04225442467659
13.622375706617	0.253932503930947	2.98416002726014
13.6293755119963	0.251358859620349	2.92732269837201
13.6363516555437	0.24891745619487	2.87170437846846
13.6433054907519	0.246601774103261	2.81726903494117
13.6502382747079	0.24440576626253	2.76398248294049
13.6571511774953	0.242323815005152	2.71181222767334
13.6640452904705	0.240350693894218	2.66072732503452
13.6709216335751	0.238481533747187	2.61069825796636
13.6777811618209	0.236711792313153	2.56169682637371
13.68462477106	0.235037227133987	2.51369604877203
13.6914533031374	0.233453871190113	2.46667007413297
13.6982675505044	0.23195801099012	2.42059410262642
13.7050682603627	0.230546166812004	2.37544431415271
13.7118561383975	0.229215074844587	2.33119780371907
13.7186318521489	0.227961671011909	2.28783252284915
13.7253960340656	0.226783076292318	2.24532722632705
13.7321492842768	0.225676583368516	2.2036614236715
13.7388921731158	0.224639644465733	2.16281533481655
13.745625243422	0.223669860253027	2.12276984954278
13.7523490126464	0.222764969698065	2.08350649026079
13.7590639747818	0.221922840778872	2.04500737779874
13.7657706021366	0.221141461967456	2.00725519988765
13.7724693469681	0.220418934410036	1.97023318207517
13.7791606429905	0.219753464737172	1.93392506082999
13.7858449067701	0.219143358444555	1.89831505862625
13.7925225390197	0.218587013791695	1.86338786082146
13.7991939258014	0.218082916171475	1.82912859416181
13.8058594396479	0.217629632908516	1.79552280676707
13.8125194406102	0.217225808448705	1.762556449463
13.8191742772389	0.216870159906128	1.73021585834311
13.8258242875054	0.216561472937053	1.69848773845392
13.8324697996696	0.216298597913685	1.66735914850868
13.8391111330992	0.216080446373065	1.63681748654374
13.8457485990455	0.215905987718933	1.60685047644074
13.8523825013803	0.215774246156467	1.57744615524474
13.8590131372973	0.215684297841751	1.54859286121548
13.8656407979833	0.215635268229525	1.52027922255459
13.8722657692612	0.215626329604292	1.49249414675709
13.8788883322082	0.215656698781255	1.46522681054012
13.8855087637529	0.215725634964764	1.43846665030605
13.8921273372539	0.215832437753111	1.41220335310119
13.898744323061	0.215976445279473	1.38642684803415
13.9053599890643	0.216157032479769	1.3611272981218
13.9119746012304	0.216373609478973	1.33629509253269
13.9185884241301	0.216625620088223	1.31192083920087
13.9252017214583	0.216912540405715	1.28799535778518
13.9318147565492	0.217233877515044	1.26450967295083
13.9384277928877	0.217589168275161	1.24145500795241
13.9450410946194	0.217977978196712	1.21882277849878
13.9516549270607	0.218399900399962	1.19660458688189
13.9582695572114	0.21885455464996	1.17479221635316
13.9648852542701	0.219341586465036	1.15337762573204
13.9715022901564	0.219860666295072	1.13235294423271
13.9781209400387	0.220411488766372	1.11171046649586
13.9847414828716	0.220993771990274	1.09144264781344
13.9913642019441	0.221607256932954	1.07154209953521
13.9979893854389	0.222251706844198	1.05200158464667
14.0046173270068	0.22292690674314	1.03281401350871
14.0112483263556	0.223632662959294	1.01397243975
14.0178826898573	0.224368802727401	0.995470056303836
14.0245207311738	0.225135173834896	0.977300191581497
14.0311627719045	0.225931644321017	0.959456305775112
14.0378331202527	0.226761137366776	0.94186936475586
14.044552107429	0.227626497413471	0.92448535236928
14.0513330096498	0.228529984068679	0.907271892429833
14.0581848249254	0.229473505376728	0.890209602345039
14.0651139534046	0.230458767298085	0.87328695083593
14.0721252249549	0.231487370832075	0.856497170265414
14.0792225321047	0.232560875999442	0.839836391786716
14.0864092220949	0.233680844720886	0.82330251511043
14.0936883410322	0.234848870248261	0.806894522149612
14.101062786947	0.236066598066867	0.790612059803553
14.1085354066648	0.237335741448764	0.774455186264757
14.116109058036	0.238658093723509	0.758424216795723
14.1237866508516	0.240035538616657	0.742519630051193
14.1315711747081	0.241470059545562	0.726742011265849
14.1394657189557	0.242963748466014	0.711092017893558
14.1474734879246	0.244518814674177	0.695570358922625
14.1555978134278	0.246137593848619	0.680177782524555
14.163842165797	0.247822557542841	0.66491506878438
14.1722101642481	0.249576323293914	0.649783025533866
14.1807055870951	0.251401665487674	0.634782486084242
14.1893323821539	0.253301527108776	0.619914308127167
14.1980946775759	0.255279032500867	0.605179373360028
14.2069967932886	0.25733750126547	0.590578587566619
14.2160432531844	0.259480463436487	0.57611288099069
14.2252387981803	0.261711676079488	0.561783208904717
14.2345884002656	0.264035141480891	0.547590552315702
14.2440972776514	0.266455127111563	0.53353591877392
14.2537709111438	0.268976187572385	0.519620343265245
14.2636150618698	0.271603188756392	0.505844889176752
14.2736357904962	0.274341334493522	0.492210649330914
14.2838394780987	0.277196195980612	0.47871874708725
14.2942328488555	0.280173744341734	0.465370337512573
14.3048229947567	0.283280386713403	0.452166608622558
14.3156174025512	0.286523006306761	0.439108782698468
14.3266239831737	0.289909006966053	0.426198117683753
14.3378511039296	0.293446362821383	0.413435908666002
14.3493076237506	0.29714367372607	0.400823489450456
14.3610029318758	0.301010227277505	0.38836223423195
14.3729469903609	0.30505606834861	0.376053559372963
14.3851503808745	0.309292077208654	0.363898925296187
14.3976243563053	0.313730057492281	0.351899838500958
14.410380897778	0.318382835490069	0.340057853713837
14.4234327777657	0.323264372490264	0.328374576184748
14.4367936300884	0.328389892208683	0.31685166414131
14.450478027706	0.333776025713716	0.30549083141541
14.4645015693606	0.339440976700254	0.294293850257664
14.4788809762849	0.34540471050835	0.283262554357271
14.4936342003972	0.351689170942458	0.272398842086852
14.5087805456338	0.358318529754187	0.261704679994352
14.5243408043568	0.36531947464298	0.251182106566927
14.5403374111051	0.372721542852524	0.24083323629508
14.5567946163656	0.380557508957703	0.230660264069285
14.5737386835272	0.388863837327389	0.220665469946039
14.591198112768	0.397681212116777	0.210851224325908
14.6092038963468	0.40705516062636	0.20121999359301
14.6277898106455	0.417036789644728	0.191774346273675
14.6469927513808	0.427683659210586	0.182516959782396
14.6668531197344	0.439060824410456	0.173450627836041
14.6874152687877	0.451242083810524	0.16457826863362
14.7087280216938	0.4643114835019	0.155902933919792
14.7308452755781	0.478365139338818	0.147427819077404
14.7538267083783	0.493513457907119	0.139156274430107
14.7775918543401	0.509781486207688	0.131139634554717
14.8016737227214	0.526912339266653	0.123536855042207
14.8257612418617	0.544719515611747	0.116422110252416
14.84965538858	0.563070475619631	0.109816657309955
14.8732337341178	0.581871982812502	0.103711216160568
14.8964245932256	0.601058592305905	0.0980803486807482
14.9191891826921	0.620584173241231	0.0928911759811758
14.9415096964964	0.640415888149983	0.088108421886271
14.9633814918367	0.660530009026743	0.083697191089777
14.9848080344227	0.680909048008337	0.0796243983066065
15	0.69577509526779	0.0768772547889817
