A
Testing driver against scipy routine is shown in figure 'A4_test.svg'
'Test_A.svg' is for u''=-u
3.04159265358979
3.04156769523563
3.04136837763204
3.04049792093253
3.03805354670653
3.03293746653829
3.02425508884607
3.01174706088114
2.99713465118219
2.98135119137723
2.96487436429138
2.94790394442334
2.93051251176381
2.91178864014675
2.89317476280595
2.87350089240461
2.85300103931098
2.83184500402781
2.81014958653912
2.78799082112362
2.76541482705929
2.74244643749808
2.71909560423662
2.69536192233424
2.67123769942777
2.6467099565676
2.62176167017501
2.59637248545059
2.57051906429901
2.54417517861738
2.51731162115174
2.48989597821505
2.46189228849733
2.43326059753137
2.40395640615789
2.37393000205299
2.34312565485075
2.31148064663967
2.27892409978123
2.24537555230449
2.21074321685931
2.17492184184505
2.1377900729451
2.09920719154051
2.05900908891962
2.01700333678014
1.97296327206015
1.92662121495447
1.87766148512442
1.82571522691877
1.7703621649279
1.7111510626851
1.64766283734001
1.57965446332461
1.50730945371358
1.43151468913466
1.35390261769644
1.28044687451518
1.20745109146397
1.14073615720218
1.07523287295598
1.01508027770493
0.956003393448493
0.898461629785876
0.842625087750798
0.788491766582477
0.735967874562534
0.684918090357919
0.63519472055894
0.586653310430744
0.53916010163079
0.492594849215213
0.446851153324449
0.401835569826511
0.357466211068009
0.313671217761034
0.270387292291524
0.227558377075183
0.185134504309353
0.143070814494369
0.10132672791356
0.0598652485824832
0.0186523798462158
-0.022343367500562
-0.0631513912245051
-0.103799351845245
-0.144313476622879
-0.184718822807757
-0.225039507774672
-0.265298912092701
-0.305519860229993
-0.345724782393152
-0.385935859878871
-0.426175155186506
-0.466464726904078
-0.506826727911084
-0.547283483573434
-0.587857544111612
-0.628571701884278
-0.669448959494473
-0.71051242775334
-0.751785122723522
-0.793289617063388
-0.835047481043417
-0.877078420852666
-0.919398983983616
-0.962020652207819
-1.00494708371162
-1.04817020746208
-1.09166484334318
-1.135381584469
-1.17923795057243
-1.22310847357116
-1.26681555153229
-1.31012447803384
-1.35274724070045
-1.39435896545164
-1.43462701465978
-1.47324675973258
-1.50997379941646
-1.54464344178958
-1.5771740060967
-1.60755675701777
-1.63583852188432
-1.66210282139881
-1.68645329536922
-1.70900101572969
-1.72985577200503
-1.74912067306642
-1.76688920236702
-1.78324393509815
-1.79825629785301
-1.8119869307899
-1.82448636121063
-1.83579580773903
-1.84594801026278
-1.85496803045154
-1.86287399864501
-1.86967780128678
-1.87538571321507
-1.8799989839299
-1.88351438830126
-1.88592475120915
-1.88721945300974
-1.88738491896062
-1.88640509118535
-1.88426187681774
-1.8809355611332
-1.87640517035224
-1.87064876605548
-1.86364365242177
-1.85536647928484
-1.8457932285305
-1.83489907853872
-1.82265815082876
-1.8090431542575
-1.79402495458129
-1.77757211078981
-1.75965043479089
-1.74022264891074
-1.71924823807839
-1.69668362263358
-1.67248281512537
-1.64659876988084
-1.61898568209708
-1.5896025283776
-1.55841813095711
-1.52541791870619
-1.49061227523267
-1.45404584252463
-1.41580640140942
-1.37603117381542
-1.33490801805765
-1.29266953703034
-1.24957979308538
-1.20591561486709
-1.1619462884454
-1.11791578696803
-1.07403051304485
-1.03045357181986
-0.987304838216215
-0.944665102744396
-0.902582405042605
-0.861079003654378
-0.820157954987855
-0.779808762549852
-0.740011914893401
-0.700742348315553
-0.661971978021531
-0.623671477041252
-0.585811477267171
-0.548363343342901
-0.511299640806362
-0.474594391692855
-0.438223186667226
-0.40216320345402
-0.36639316658345
-0.330893272559174
-0.295645096683622
-0.260631492217324
-0.225836488693969
-0.191245193587326
-0.156843699771185
-0.122619000066136
-0.0885589094383203
-0.0546519949718899
-0.0208875134860755
0.0127446434539369
0.0462539974184851
0.0796495241504522
0.112939687957597
0.146132469566657
0.179235387427959
0.212255512318742
0.245199474928771
0.278073465919345
0.310883227720544
0.343634037063276
0.376330676922143
0.408977396159303
0.441577854693147
0.474135051450706
0.506651231679087
0.539127769367686
0.571565019549121
0.603962134088214
0.636316833233798
0.66862512372398
0.700880952678207
0.733075785042118
0.765198091278467
0.79723273184584
0.82916022663152
0.860955902214979
0.892588919507893
0.924021201395688
0.955206307265346
0.986088341038662
1.01660103167013
1.04666718519493
1.07619876208304
1.10509785884103
1.13325883604676
1.16057170670782
1.18692667302485
1.21221941533146
1.23635648159842
1.25926000521367
1.28087106123385
1.30115124260649
1.32008240256165
1.33766484171998
1.35391442518073
1.36885916862445
1.38253576404559
1.39498638245111
1.40625594637535
1.41638994370618
1.42543276975368
1.43342653587307
1.44041026235795
1.44641937123854
1.45148540287555
1.45563589296697
1.45889436013359
1.46128036666736
1.46280962549225
1.46349413474489
1.4633423278173
1.46235923154558
1.46054662883304
1.45790322469323
1.4544248167695
1.450104473059
1.44493272101732
1.43889775357547
1.43198565894981
1.42418068250994
1.41546553037884
1.40582172580007
1.39523003045836
1.38367094361688
1.37112529173665
1.35757491962233
1.34300349040649
1.3273973950702
1.31074676198403
1.29304654272231
1.27429763238726
1.25450796219372
1.23369348186251
1.21187893372418
1.18909831465431
1.16539493117772
1.14082098040785
1.11543663412071
1.08930865940251
1.06250866679136
1.03511112366156
1.00719129661577
0.978823286819382
0.950078298058407
0.921023235963151
0.891719688318552
0.86222329035944
0.832583442396694
0.802843323334793
0.773040132585216
0.743205492279277
0.713365948279777
0.68354351903922
0.653756253214372
0.624018768304132
0.594342752391637
0.564737418915499
0.535209910254066
0.505765649999938
0.476408646451137
0.44714175138851
0.417966878952498
0.388885189630602
0.359897244216835
0.331003132251388
0.30220257899427
0.273495034498626
0.24487974787025
0.216355829354232
0.187922302490132
0.1595781482281
0.131322342599715
0.103153889285834
0.0750718482150832
0.0470753611557926
0.0191636751264219
-0.0086638356596355
-0.0364076486834693
-0.0640680722760145
-0.0916452245156222
-0.11913901137224
-0.146549103616079
-0.173874912008715
-0.2011155602822
-0.228269855387513
-0.255336254458049
-0.282312827887046
-0.309197217860252
-0.335986591617144
-0.362677588636453
-0.38926626085621
-0.415748004947464
-0.442117485568667
-0.468368548441122
-0.494494122015207
-0.520486106457746
-0.546335248705129
-0.572031002426262
-0.597561371968086
-0.622912739773443
-0.648069677444485
-0.673014741673186
-0.697728257792818
-0.722188095854251
-0.746369447032175
-0.770244611922826
-0.793782816929996
-0.816950080316557
-0.839709155230493
-0.862019582327333
-0.883837888262929
-0.905117966599534
-0.925811672519929
-0.945869650270152
-0.96524239140173
-0.983881493379178
-1.00174105520061
-1.0187791152156
-1.03495901382186
-1.05025055723072
-1.06463087202123
-1.07808487279077
-1.09060531070429
-1.10219241960146
-1.11285321867581
-1.12260055937156
-1.13145201612713
-1.13942871723975
-1.14655419760807
-1.15285333465238
-1.15835140705464
-1.16307329649623
-1.16704283714099
-1.17028230674877
-1.1728120466611
-1.17465019467287
-1.17581251405966
-1.17631230290726
-1.17616036969062
-1.17536506326654
-1.17393234773595
-1.17186591479259
-1.16916732809245
-1.16583619580186
-1.16187036879486
-1.15726616297117
-1.15201860485643
-1.14612170002481
-1.13956872394151
-1.13235253454523
-1.12446590526329
-1.11590187616507
-1.10665411962028
-1.09671731517185
-1.08608752643592
-1.07476257083136
-1.06274237100445
-1.05002927519151
-1.03662833273088
-1.02254751077759
-1.00779783923208
-0.99239347311224
-0.976351665074473
-0.959692645340587
-0.942439411543577
-0.924617436449583
-0.906254306551399
-0.887379308589082
-0.868022983684516
-0.848216669726886
-0.82799205189794
-0.807380738986349
-0.78641387978694
-0.765121829881986
-0.743533874935127
-0.721678012707945
-0.699580792640815
-0.677267209203312
-0.654760643376138
-0.632082845540748
-0.609253952623581
-0.586292532433038
-0.563215648593864
-0.540038940189578
-0.516776711053911
-0.493442024516908
-0.47004680024626
-0.446601910588106
-0.423117274481134
-0.399601947584676
-0.376064207726709
-0.352511635148627
-0.328951187311157
-0.305389268242088
-0.281831792563841
-0.25828424444879
-0.234751731822799
-0.211239036181469
-0.187750658406236
-0.164290860974712
-0.140863706956122
-0.117473096172035
-0.0941227988875543
-0.0708164873808881
-0.0475577657211402
-0.0243501980665273
-0.00119733577863703
0.0218972563665982
0.0449299746035474
0.0678971509803826
0.0907950282933984
0.113619734910685
0.13636725924821
0.159033423664002
0.181613857537101
0.204103969297607
0.226498917172912
0.248793578413636
0.270982516761615
0.293059947922565
0.315019702808918
0.336855188325649
0.35855934548571
0.380124604664914
0.401542837842303
0.422805307725848
0.443902613740564
0.464824634963883
0.4855604702402
0.506098375903224
0.526425701793113
0.546528826588663
0.566393093896874
0.586002751066202
0.605340893325672
0.624389416603331
0.643128983236034
0.661539005721743
0.679597654631944
0.697281897705814
0.714567577854845
0.731429538132372
0.747841801435451
0.763777811545526
0.779210739824356
0.794113858273265
0.808460974692423
0.82222691952935
0.835388067169494
0.847922867701935
0.859812359645697
0.871040630884622
0.881595195099641
0.891467254831053
0.900651829822637
0.909147739656181
0.91695744146727
0.924086735054685
0.93054435737176
0.93634149506633
0.941491246889336
0.946008067533677
0.949907221411517
0.953205811997676
0.955924385251672
0.958074813025944
0.959664612869114
0.960699359484173
0.961184022357424
0.961123693626776
0.960523969763869
0.959391138437369
0.957732257720978
0.95555517756324
0.952868531663223
0.949681715135477
0.946004855888714
0.941839355763101
0.937182661210607
0.932031833182904
0.92638390511599
0.920236120951956
0.913586120420605
0.906432101970143
0.898772974983796
0.890608503598992
0.881939440078472
0.872767643920934
0.863096182513628
0.852929409481556
0.842273017645545
0.831134064486015
0.819520969113967
0.807443480898058
0.794912621019488
0.781940599261802
0.768540709232692
0.754727205911245
0.740515169882418
0.725920362844565
0.71095907895825
0.695647996366465
0.680004032793579
0.664044208569133
0.647785519773852
0.631244823519316
0.614438736695066
0.597383548884713
0.580095149593293
0.562588969458831
0.544879934749574
0.526982434174309
0.508910296850189
0.490676780170018
0.472294566276059
0.453775765866412
0.435131928119587
0.416374055610784
0.397512623199127
0.378557599979991
0.359518473513764
0.340404275656783
0.321223609428351
0.301984676447143
0.282695304559961
0.263362975364938
0.24399485140025
0.224597802828447
0.205178433496564
0.18574310629396
0.166297967764412
0.146848971957202
0.127401903524724
0.107962400092334
0.0885359739404881
0.0691280330503589
0.0497439015726211
0.0303888397855085
0.0110680636129048
-0.00821323622346445
-0.0274498753414711
-0.0466366570480787
-0.065768353822739
-0.0848396888565878
-0.103845317569958
-0.122779809031923
-0.141637627207365
-0.160413111959576
-0.179100459739739
-0.197693703899017
-0.216186694564769
-0.234573078029805
-0.252846275613207
-0.270999461963576
-0.289025542791237
-0.306917132035967
-0.324666528501977
-0.342265692023592
-0.359706219264615
-0.37697931930335
-0.39407578921566
-0.410985989942181
-0.427699822815147
-0.444206707227576
-0.460495560054835
-0.476554777587816
-0.49237222090918
-0.507935205839246
-0.523230498793973
-0.538244320129225
-0.552962356783954
-0.567369786265669
-0.58145131422326
-0.595191227995325
-0.608573468568122
-0.621581723278326
-0.63419954129733
-0.646410473377544
-0.658198236473552
-0.669546902633159
-0.68044110997631
-0.690866291679744
-0.700808916759285
-0.710256734256791
-0.719199010430548
-0.727626747002334
-0.735539926799811
-0.74297006577655
-0.749926157723064
-0.756404574217563
-0.76239488709514
-0.767883398472514
-0.772855341186129
-0.777296285463818
-0.781193055581651
-0.784534330734265
-0.787311031344624
-0.789516551103144
-0.791146872470486
-0.792200591253522
-0.792678869459199
-0.79258533215893
-0.791925921956134
-0.790708722985884
-0.788943764795246
-0.786642814834756
-0.783819166657688
-0.780487429353621
-0.77666332232073
-0.772363478269304
-0.767605256377108
-0.762406566784508
-0.756785707099067
-0.750761211236524
-0.744351710712901
-0.737575808377416
-0.730451964500655
-0.722998395078326
-0.715232982158512
-0.707149659224495
-0.698732482311546
-0.689972897537257
-0.68086749741816
-0.671416520149325
-0.661622833872289
-0.651491240780202
-0.64102799316622
-0.630240450177192
-0.619136828082593
-0.607726012860754
-0.596017414596858
-0.584020850332008
-0.571746446752809
-0.55920455724058
-0.546405689834923
-0.533360443967051
-0.52007945462976
-0.50657334314069
-0.492852673937353
-0.47892791699323
-0.464809415515384
-0.450507358609403
-0.436031758599049
-0.421392432679459
-0.406598988572488
-0.391660813845268
-0.376587068550678
-0.361386680851703
-0.346068345300491
-0.330640523456543
-0.315111446545946
-0.299489119883827
-0.283781328804357
-0.267995645865719
-0.252139439120833
-0.236219881267584
-0.220243959514512
-0.204218486018915
-0.188150108774003
-0.172045322839829
-0.155910481829305
-0.139751809575542
-0.123575411920157
-0.10738728857409
-0.0911933450129257
-0.0749994043779191
-0.0588112193618128
-0.0426344840653894
-0.0264748458164724
-0.0103379169479552
0.00577071346456417
0.0177729834066188

B
Final point of scipy function according to A: 0.0177729834066188
And according to B: 0.0188119185042482
y-vector from B is:
    0.0188       1.57 
Reproducing Lotka-Volterra system in figure 'B_test.svg'

C
Solution to gravitational 3-body problem found in '3_body.gif'
